   1e+04   0.0001 1.397495263e-33 3.110667871e-34 1.911202405e-33
   1e+04 0.000158 2.447757297e-33 1.555835102e-33 5.252048051e-33
   1e+04 0.000251 4.937144256e-34 1.037752999e-34 1.921888931e-33
   1e+04 0.000398 6.220217775e-34 1.038592526e-34 2.667396255e-33
   1e+04 0.000631  4.89337637e-34 7.279464618e-34 6.047079909e-34
   1e+04    0.001 9.840363194e-34 1.146237477e-33 1.600571144e-34
   1e+04  0.00158 1.850888196e-33 1.149919933e-33 2.544884001e-33
   1e+04  0.00251 1.252631378e-33               0 2.128279775e-33
   1e+04  0.00398 8.380464081e-34 1.270956434e-33               0
   1e+04  0.00631               0 4.290166237e-34               0
   1e+04     0.01 1.076541572e-33 6.563373933e-34  1.15515915e-33
   1e+04   0.0158 2.143184038e-34 1.127973781e-34 5.148652743e-34
   1e+04   0.0251 7.489592789e-34 9.460142787e-34 4.277327126e-34
   1e+04   0.0398 1.689429237e-33 6.350490832e-34 1.334884644e-33
   1e+04   0.0631 2.140105466e-33  3.66857477e-33 9.615031143e-34
   1e+04      0.1 2.232682876e-33 3.110183124e-33  1.37503946e-33
   1e+04    0.158 8.017887597e-34 3.190565671e-33 1.137770406e-33
   1e+04    0.251  2.34839455e-33  1.90601019e-33  1.05330384e-32
   1e+04    0.398 8.984166182e-34 1.521515625e-32 1.298007845e-32
   1e+04    0.631 8.482464435e-34 2.607363992e-32 2.414805695e-32
   1e+04        1 7.948685413e-34 5.495179732e-32 5.887882286e-33
   1e+04     1.58 1.607019657e-33 2.029796027e-31 9.209214729e-32
   1e+04     2.51 2.416661577e-33 6.086396642e-32  2.42790758e-31
   1e+04     3.98 2.032893361e-33 4.122682956e-32 2.328598422e-31
   1e+04     6.31 1.093497678e-33  7.39084303e-32 5.703695263e-31
   1e+04       10 5.539614482e-34 4.562854163e-31 5.765783464e-31
   1e+04     15.8 3.429309748e-34 4.994435744e-32 1.758745092e-30
   1e+04     25.1 1.592035924e-34 2.857092987e-30 4.006852009e-31
   1e+04     39.8 8.868746329e-34 8.823956135e-30 1.371194469e-29
   1e+04     63.1 5.489413608e-34  4.54839593e-29 3.173762377e-29
   1e+04      100 8.919207716e-34  5.66586205e-29 7.245165187e-29
   1e+04      158  1.53797767e-33 6.126586728e-29 2.577398096e-30
   1e+04      251 1.537936814e-33  2.51386786e-28 2.907494832e-28
   1e+04      398 2.040236301e-34 2.021153945e-28 1.336081036e-28
   1e+04      631 1.705348619e-33 7.756789058e-28 5.088827765e-28
   1e+04    1e+03 1.760068056e-34 1.092032223e-27  1.47722913e-27
   1e+04 1.58e+03 1.144668105e-33 7.603614467e-25 7.619382679e-25
   1e+04 2.51e+03  5.53188854e-30 3.140502299e-21 3.157985901e-21
   1e+04 3.98e+03  1.91622946e-27 1.533065822e-18 1.544446455e-18
   1e+04 6.31e+03 1.344842749e-25 1.528469986e-16 1.543535812e-16
   1e+04    1e+04 2.915438396e-24 4.762586069e-15 4.824550349e-15
   1e+04 1.58e+04 2.662794425e-23 6.346512297e-14 6.454712283e-14
   1e+04 2.51e+04 1.286100162e-22  4.55299499e-13 4.653862675e-13
   1e+04 3.98e+04 3.876264686e-22 2.080024618e-12 2.139365415e-12
   1e+04 6.31e+04 8.213597302e-22  6.82877737e-12 7.077314645e-12
   1e+04    1e+05 1.330768228e-21 1.753349645e-11 1.834000455e-11
   1e+04 1.58e+05 1.750451643e-21 3.736487347e-11 3.951683725e-11
   1e+04 2.51e+05 1.966429314e-21  6.94143642e-11 7.437177627e-11
   1e+04 3.98e+05 1.987883297e-21  1.18163357e-10 1.285165087e-10
   1e+04 6.31e+05 1.898399539e-21 1.929304018e-10 2.134067087e-10
   1e+04    1e+06 1.764528674e-21 3.103414933e-10 3.496192712e-10
   1e+04 1.58e+06 1.611583145e-21 4.950960466e-10 5.683930632e-10
   1e+04 2.51e+06 1.447213433e-21 7.818898886e-10 9.142162727e-10
   1e+04 3.98e+06  1.27698173e-21 1.219201354e-09 1.448961433e-09
   1e+04 6.31e+06 1.106978586e-21 1.874133616e-09 2.256344624e-09
   1e+04    1e+07 9.431540469e-22 2.838698102e-09 3.447003039e-09
   1e+04 1.58e+07 7.904998002e-22 4.238472811e-09 5.165542315e-09
   1e+04 2.51e+07 6.525499952e-22 6.244657697e-09 7.601274874e-09
   1e+04 3.98e+07 5.312529433e-22 9.090758743e-09 1.100444419e-08
   1e+04 6.31e+07 4.271324505e-22 1.309549576e-08 1.570965178e-08
   1e+04    1e+08 3.396081418e-22 1.869408172e-08 2.216834896e-08
   1e+04 1.58e+08 2.673575813e-22 2.648081332e-08 3.099290658e-08
   1e+04 2.51e+08  2.08643961e-22  3.72670038e-08 4.301596912e-08
   1e+04 3.98e+08 1.615739006e-22 5.215976734e-08 5.937046563e-08
   1e+04 6.31e+08 1.242785074e-22 7.266916462e-08 8.159779948e-08
   1e+04    1e+09 9.502643161e-23 1.008539278e-07 1.117945207e-07
   1e+04 1.58e+09 7.228372721e-23 1.395196606e-07 1.528114773e-07
   1e+04 2.51e+09 5.473585383e-23 1.924884037e-07 2.085244245e-07
   1e+04 3.98e+09 4.128503695e-23 2.649652463e-07 2.842018417e-07
   1e+04 6.31e+09 3.103322289e-23 3.640368961e-07 3.870049248e-07
   1e+04    1e+10 2.325794387e-23 4.993496697e-07 5.266672619e-07
   1e+05   0.0001               0 2.072593749e-34 2.546910571e-34
   1e+05 0.000158 1.255371222e-33 2.072614874e-34 6.761342473e-33
   1e+05 0.000251 5.940450785e-34 3.108972534e-34 1.599429668e-34
   1e+05 0.000398 7.495958318e-34 8.290805681e-34 1.013996039e-33
   1e+05 0.000631 4.729246223e-34 5.181963807e-34 8.035703169e-34
   1e+05    0.001 1.591236798e-33 4.145837638e-34  5.89065452e-33
   1e+05  0.00158 6.273737566e-34 3.109695126e-34 1.009406467e-33
   1e+05  0.00251 4.748619842e-34 4.146929861e-34 3.900145891e-33
   1e+05  0.00398 4.991074778e-34  1.03699783e-34 7.926790994e-34
   1e+05  0.00631 2.517284947e-34 1.037418449e-34 1.759549849e-33
   1e+05     0.01               0 3.114255575e-34 5.979623552e-34
   1e+05   0.0158 5.993029925e-34               0 2.055454919e-33
   1e+05   0.0251 5.025671446e-34 1.040818072e-34 1.505968044e-33
   1e+05   0.0398 3.155007355e-34               0 5.982234563e-34
   1e+05   0.0631 9.874631435e-35               0 1.110610464e-33
   1e+05      0.1 6.153484949e-34 2.108771644e-34 1.265317952e-33
   1e+05    0.158  4.56991796e-34 2.130040177e-34 4.051242433e-34
   1e+05    0.251 5.597936521e-34 1.081937794e-34 8.153484544e-34
   1e+05    0.398               0 9.980127681e-34 1.059559496e-33
   1e+05    0.631 1.328889887e-34 3.455987144e-34 1.090344963e-34
   1e+05        1 3.049008117e-34 7.326477615e-34 9.158599139e-34
   1e+05     1.58  5.06387503e-34 6.660732102e-34 6.334322499e-34
   1e+05     2.51 1.796424902e-34 2.266067779e-33  2.41932185e-33
   1e+05     3.98 9.193288271e-34 4.668401758e-33  7.37221668e-33
   1e+05     6.31 1.091886234e-33 1.455841732e-33 4.505067987e-33
   1e+05       10 1.756648902e-34 4.359138729e-33 2.724878427e-34
   1e+05     15.8 1.167580817e-33 1.738241783e-32 4.448972099e-33
   1e+05     25.1 6.272630247e-34 8.311135653e-33 4.588419813e-33
   1e+05     39.8 1.466009725e-34 8.953247557e-33 1.769735253e-32
   1e+05     63.1 6.831169919e-34 3.771162164e-32 4.523569704e-32
   1e+05      100 5.084354767e-34 1.974402202e-31 5.300885884e-32
   1e+05      158 1.063356796e-33 8.637264047e-32 4.964838062e-31
   1e+05      251  2.19549096e-34 1.549874582e-31 1.656522922e-31
   1e+05      398 3.059176357e-34 3.583777212e-31 1.311187866e-30
   1e+05      631   2.6522115e-33 1.352979975e-31 5.488410372e-31
   1e+05    1e+03 3.519738688e-34  7.87739253e-30 5.595704495e-30
   1e+05 1.58e+03 6.540560603e-34 8.885810386e-30 1.333458193e-29
   1e+05 2.51e+03 7.598287487e-34 3.516184961e-29 3.933681451e-29
   1e+05 3.98e+03 4.238608128e-34 3.567379641e-29 4.906102523e-29
   1e+05 6.31e+03 5.257101353e-34 1.888155765e-28 1.210782393e-28
   1e+05    1e+04 6.117166013e-34 2.661082875e-28 2.414563287e-28
   1e+05 1.58e+04 1.139963577e-34  2.28908421e-27 2.133823288e-27
   1e+05 2.51e+04 7.444875123e-34 1.048357942e-28 6.432240542e-29
   1e+05 3.98e+04   6.9577221e-34  1.10560971e-26  1.18043877e-26
   1e+05 6.31e+04 7.287974871e-31 3.605707805e-23 3.768432125e-23
   1e+05    1e+05 6.813103114e-28  4.77052298e-20 5.051958053e-20
   1e+05 1.58e+05 9.879286794e-26 9.887919574e-18 1.064247593e-17
   1e+05 2.51e+05 3.629330317e-24 5.251900526e-16 5.763358656e-16
   1e+05 3.98e+05 4.847920874e-23 1.028940032e-14 1.154651793e-14
   1e+05 6.31e+05 3.069828098e-22 9.715342581e-14 1.117413774e-13
   1e+05    1e+06 1.118926106e-21 5.375151419e-13 6.343562803e-13
   1e+05 1.58e+06 2.704785722e-21 2.008597101e-12 2.431196218e-12
   1e+05 2.51e+06 4.805697708e-21 5.616125331e-12 6.955652672e-12
   1e+05 3.98e+06 6.757803928e-21 1.263818618e-11 1.594958196e-11
   1e+05 6.31e+06  7.93651196e-21 2.411736264e-11 3.083883535e-11
   1e+05    1e+07 8.117206865e-21 4.062817899e-11 5.229461535e-11
   1e+05 1.58e+07 7.497257188e-21 6.255330731e-11 8.050805265e-11
   1e+05 2.51e+07 6.461372985e-21  9.08235931e-11 1.161681955e-10
   1e+05 3.98e+07 5.337649964e-21 1.275980656e-10 1.613746585e-10
   1e+05 6.31e+07 4.303919278e-21 1.764661204e-10 2.198539729e-10
   1e+05    1e+08 3.420094996e-21 2.423723873e-10 2.967594048e-10
   1e+05 1.58e+08 2.689496398e-21 3.317569681e-10 3.987335684e-10
   1e+05 2.51e+08 2.096768154e-21 4.531108681e-10 5.344754156e-10
   1e+05 3.98e+08 1.622403764e-21 6.178511422e-10 7.156518572e-10
   1e+05 6.31e+08 1.247073039e-21 8.414567784e-10 9.580554525e-10
   1e+05    1e+09 9.530163117e-22 1.144953232e-09 1.283098317e-09
   1e+05 1.58e+09 7.245996528e-22 1.556908144e-09 1.719814323e-09
   1e+05 2.51e+09 5.484850027e-22 2.116139495e-09 2.307575026e-09
   1e+05 3.98e+09 4.135691564e-22   2.8753959e-09 3.099780193e-09
   1e+05 6.31e+09  3.10790199e-22  3.90635883e-09 4.168873122e-09
   1e+05    1e+10 2.328708512e-22 5.306441749e-09 5.613156023e-09
   1e+06   0.0001 7.958948057e-34 7.251205239e-34 5.730452074e-33
   1e+06 0.000158 1.757613723e-33 2.071773593e-34 1.190771749e-32
   1e+06 0.000251 9.505527043e-34 2.071774651e-34 8.476617899e-33
   1e+06 0.000398 1.299474019e-33 3.107664492e-34 6.717272443e-33
   1e+06 0.000631 7.568405287e-34 2.071778986e-34 5.423522112e-33
   1e+06    0.001 1.591773829e-34 5.179457996e-34 4.138680368e-33
   1e+06  0.00158 1.004334917e-33 2.071789875e-34 1.387562739e-33
   1e+06  0.00251 1.901058062e-33               0 1.269509306e-32
   1e+06  0.00398 9.595737067e-34 1.139499474e-33 3.168587331e-33
   1e+06  0.00631 9.081518219e-34 8.287375218e-34 6.151872779e-33
   1e+06     0.01               0 6.215657787e-34 4.974622282e-34
   1e+06   0.0158 3.213366798e-34 6.215858078e-34 1.734589832e-33
   1e+06   0.0251 1.115009716e-33 4.144117014e-34 3.998952899e-33
   1e+06   0.0398 7.673561011e-34 8.288904861e-34  5.74419909e-33
   1e+06   0.0631  3.22696579e-34 4.144984046e-34 1.098892667e-33
   1e+06      0.1 8.141004172e-34 5.182283305e-34 4.106099978e-33
   1e+06    0.158  1.28333083e-34 2.073581089e-34 2.268576371e-33
   1e+06    0.251  1.61780553e-34 6.223918695e-34  1.09482676e-33
   1e+06    0.398 1.019122576e-34 7.267111167e-34 4.961679668e-34
   1e+06    0.631 3.848320301e-34               0 2.263721734e-33
   1e+06        1 3.224506839e-34 7.291185465e-34 1.563061759e-34
   1e+06     1.58 3.032519957e-34 8.359546358e-34 2.485248305e-34
   1e+06     2.51 5.051908191e-34 3.150755974e-34 6.928037934e-34
   1e+06     3.98 4.707713671e-34 2.117364325e-34 1.106840196e-33
   1e+06     6.31 9.666437236e-34  6.43250108e-34 7.613340365e-34
   1e+06       10 2.351858865e-34 2.186842456e-34 2.051111827e-34
   1e+06     15.8 5.618667298e-34 1.127471447e-34 8.380261873e-34
   1e+06     25.1 3.272648079e-34 2.363932869e-34 1.392429512e-34
   1e+06     39.8 1.107388569e-33 1.015565584e-33 7.111028976e-34
   1e+06     63.1 1.202510535e-33 1.833231237e-33 4.173555636e-34
   1e+06      100 4.182319187e-34 2.290103235e-33               0
   1e+06      158 3.154637127e-34 5.777603647e-33 3.704018169e-33
   1e+06      251 9.242067822e-34 2.284372113e-33 3.740686831e-33
   1e+06      398 2.947409251e-34 4.673629751e-33 1.023865822e-32
   1e+06      631 5.568140135e-34 2.902758889e-33 2.689260739e-33
   1e+06    1e+03               0 5.116674084e-32 6.944204736e-32
   1e+06 1.58e+03 1.462701385e-33 9.952865019e-32 2.266153678e-32
   1e+06 2.51e+03               0 1.706418999e-31 3.826232453e-33
   1e+06 3.98e+03 1.128270704e-33 1.365273612e-31 4.418935599e-32
   1e+06 6.31e+03 1.312997146e-34 3.845787471e-32 1.740353304e-31
   1e+06    1e+04               0 2.933569473e-31 8.919973845e-31
   1e+06 1.58e+04 1.139636427e-33 8.987779375e-31 6.145434847e-31
   1e+06 2.51e+04 1.063387528e-34 3.111681045e-30 1.419966277e-30
   1e+06 3.98e+04 9.938757151e-34 3.811445187e-30 1.642636673e-30
   1e+06 6.31e+04 3.723881464e-34   2.0420187e-29  3.10027013e-29
   1e+06    1e+05  1.04951517e-33 1.146449027e-29 5.348251893e-29
   1e+06 1.58e+05 6.597930543e-34 5.384800604e-29 1.426286146e-29
   1e+06 2.51e+05 6.251679035e-34 1.641298565e-28 1.124072782e-28
   1e+06 3.98e+05 4.469173673e-34 3.687272976e-28 2.488116623e-28
   1e+06 6.31e+05 1.859262148e-33  5.19078712e-28 5.087592282e-28
   1e+06    1e+06  4.15408319e-34 7.918818762e-28  6.45860535e-28
   1e+06 1.58e+06 4.060597032e-34  8.73639652e-28 1.038567398e-27
   1e+06 2.51e+06 1.720293213e-30 1.274181433e-23 1.643096621e-23
   1e+06 3.98e+06 7.240542689e-28 7.980953593e-21 1.058073277e-20
   1e+06 6.31e+06 6.298019922e-26 1.041075842e-18 1.410740876e-18
   1e+06    1e+07 1.710320496e-24 4.280846856e-17 5.884115356e-17
   1e+06 1.58e+07 1.962960273e-23 7.512607398e-16  1.03860895e-15
   1e+06 2.51e+07 1.187493997e-22 7.016149602e-15 9.675039891e-15
   1e+06 3.98e+07 4.447225204e-22 4.094093134e-14 5.589706137e-14
   1e+06 6.31e+07 1.159350003e-21 1.677839712e-13  2.25457337e-13
   1e+06    1e+08    2.292285e-21 5.260383262e-13  6.92675149e-13
   1e+06 1.58e+08 3.661328579e-21 1.343559469e-12 1.728940211e-12
   1e+06 2.51e+08 4.949312359e-21 2.928376299e-12 3.677814417e-12
   1e+06 3.98e+08  5.86083504e-21 5.637102114e-12 6.908609019e-12
   1e+06 6.31e+08  6.23747204e-21 9.831841811e-12 1.176670679e-11
   1e+06    1e+09 6.082447428e-21 1.583853359e-11 1.853540185e-11
   1e+06 1.58e+09 5.517703783e-21  2.39245366e-11 2.742519031e-11
   1e+06 2.51e+09 4.716663899e-21 3.432035089e-11 3.861183586e-11
   1e+06 3.98e+09 3.844700871e-21 4.730664867e-11 5.233929934e-11
   1e+06 6.31e+09 3.022875336e-21 6.336405996e-11 6.907912302e-11
   1e+06    1e+10 2.317438134e-21 8.334962742e-11 8.970636905e-11
   1e+07   0.0001 1.114253917e-33 4.127931003e-34 1.910149672e-32
   1e+07 0.000158  4.01740959e-34 7.223879329e-34 2.724644918e-33
   1e+07 0.000251 1.647629103e-33 1.031982778e-34 1.391442959e-32
   1e+07 0.000398 9.596156591e-34 2.063965609e-34 1.064622049e-32
   1e+07 0.000631 1.009127498e-34 1.547974269e-33 1.506528845e-33
   1e+07    0.001 2.546865301e-34 7.223880386e-34  5.09373326e-33
   1e+07  0.00158 6.427852163e-34 6.191898103e-34 6.307049996e-34
   1e+07  0.00251               0 1.031983183e-34 4.498201002e-33
   1e+07  0.00398 5.117943821e-34 3.095950341e-34 2.693241992e-33
   1e+07  0.00631 4.843802451e-34 4.127935459e-34 4.142958444e-33
   1e+07     0.01 2.139360173e-33 4.127938107e-34 1.512204445e-32
   1e+07   0.0158               0 7.223899031e-34 1.576766437e-33
   1e+07   0.0251 1.297813575e-33 3.095961716e-34 5.747724031e-33
   1e+07   0.0398               0 3.095969622e-34 1.485253063e-33
   1e+07   0.0631 3.874965629e-34 6.191964305e-34 6.277272176e-33
   1e+07      0.1 4.889813449e-34 3.096002012e-34 1.367969656e-33
   1e+07    0.158 1.131240408e-33 2.064022325e-34 7.292726901e-33
   1e+07    0.251 1.038169446e-33 4.128111163e-34 2.499109365e-33
   1e+07    0.398 3.275036289e-34 9.288487307e-34 4.827375278e-33
   1e+07    0.631 7.231844654e-34 5.160479572e-34 3.335132414e-33
   1e+07        1 3.910629933e-34  2.06432423e-34  1.71023153e-33
   1e+07     1.58 6.578507645e-34               0 3.696561629e-33
   1e+07     2.51 1.659769731e-33 3.097300014e-34 7.031527319e-33
   1e+07     3.98 3.925166397e-34  1.03269692e-34 1.857847623e-33
   1e+07     6.31  1.64974483e-34  1.03311471e-33 1.472844997e-33
   1e+07       10 5.197957364e-34 2.067553927e-34 1.557206207e-33
   1e+07     15.8 2.618462302e-34 1.034826815e-34  1.54408141e-33
   1e+07     25.1 4.940637939e-34 3.109474048e-34 1.838377003e-33
   1e+07     39.8 5.169498315e-34 7.273917243e-34 3.894807969e-34
   1e+07     63.1 7.766520132e-34               0 9.296870215e-34
   1e+07      100 1.613359569e-34               0 4.943036051e-34
   1e+07      158 9.985677428e-35 2.121046767e-34  2.96758074e-34
   1e+07      251 6.116882117e-34  4.30926284e-34 3.185553065e-34
   1e+07      398 7.380992814e-34 9.936631452e-34   3.8813249e-34
   1e+07      631   5.2304719e-34 8.027588547e-34 9.587115563e-34
   1e+07    1e+03  4.00234863e-34 9.721835746e-34 3.579685219e-34
   1e+07 1.58e+03 4.434878695e-34 2.120124835e-33 7.738325816e-34
   1e+07 2.51e+03 1.299400224e-33 2.552174868e-33 3.755847613e-33
   1e+07 3.98e+03 1.210923987e-34 4.097234125e-33 2.096335507e-33
   1e+07 6.31e+03               0 8.643605934e-33 5.309305033e-33
   1e+07    1e+04 4.650719622e-34 3.437683941e-33 5.857000167e-33
   1e+07 1.58e+04 4.432725209e-34 2.121347395e-32 1.738193935e-32
   1e+07 2.51e+04 8.377063268e-34 5.653468434e-32 2.031120983e-32
   1e+07 3.98e+04 3.942061633e-34 4.675744334e-32 1.164426414e-31
   1e+07 6.31e+04               0 5.194034823e-32 7.417886305e-32
   1e+07    1e+05 3.489498731e-34 9.282979111e-32 5.332382942e-32
   1e+07 1.58e+05 8.235861634e-34 4.377158036e-31 2.020401616e-31
   1e+07 2.51e+05 1.561706229e-34 2.911331741e-31 1.106009995e-31
   1e+07 3.98e+05 1.489078563e-34 4.433961302e-31 1.311739367e-30
   1e+07 6.31e+05               0 9.261264476e-32 1.062047964e-30
   1e+07    1e+06 2.769001898e-34 1.089501506e-29 1.371680017e-29
   1e+07 1.58e+06  1.35342263e-34 5.583948538e-30 7.382140581e-30
   1e+07 2.51e+06 5.347667012e-34 4.944663993e-30 9.566298272e-30
   1e+07 3.98e+06 5.340662301e-34 3.442945846e-29 5.016486925e-29
   1e+07 6.31e+06 2.022341711e-33  6.31694561e-30 1.804654525e-29
   1e+07    1e+07 8.256321347e-34 1.665736536e-28 2.086555978e-28
   1e+07 1.58e+07 7.092586565e-34 6.542147987e-29 1.205647587e-28
   1e+07 2.51e+07 8.852765497e-34 1.613455963e-28  2.97078725e-28
   1e+07 3.98e+07 1.237390329e-33 1.606010024e-28 3.028101508e-28
   1e+07 6.31e+07 8.161265521e-34 7.758069118e-28 8.235728402e-28
   1e+07    1e+08 1.731994435e-34 4.030924681e-28 6.768785977e-28
   1e+07 1.58e+08 1.476845438e-33  2.34952047e-27 3.327440976e-27
   1e+07 2.51e+08 3.998684049e-32 1.594242206e-25 2.075858707e-25
   1e+07 3.98e+08 5.656318098e-30 3.818663941e-23 4.825810366e-23
   1e+07 6.31e+08 3.234480425e-28  3.42724607e-21 4.228677706e-21
   1e+07    1e+09 8.448327983e-27 1.407871325e-19 1.697767469e-19
   1e+07 1.58e+09 1.174789199e-25 3.088043115e-18 3.644640805e-18
   1e+07 2.51e+09 9.807127516e-25  4.07920678e-17 4.719545277e-17
   1e+07 3.98e+09 5.402427586e-24  3.56768563e-16 4.053302247e-16
   1e+07 6.31e+09 2.116711627e-23 2.227106337e-15 2.488956932e-15
   1e+07    1e+10 6.262608172e-23 1.053656368e-14 1.160299244e-14
   1e+08   0.0001   1.4007764e-33 5.972428555e-34 1.528119711e-32
   1e+08 0.000158 1.606963922e-33 2.986214279e-33 2.835648894e-32
   1e+08 0.000251               0 1.692188092e-33 2.878847379e-33
   1e+08 0.000398 1.407436488e-33 7.963238086e-34  2.29400688e-32
   1e+08 0.000631 9.687626041e-34               0 5.021762282e-34
   1e+08    0.001 2.037492926e-33               0 2.324015406e-32
   1e+08  0.00158  6.42785559e-34               0 1.046970018e-32
   1e+08  0.00251 1.622281062e-34               0 1.999199595e-34
   1e+08  0.00398 3.070770405e-34  1.99080956e-34  9.82240535e-33
   1e+08  0.00631 1.550020074e-33               0 1.255440611e-32
   1e+08     0.01 1.629994186e-34 1.891269143e-33 8.456392113e-33
   1e+08   0.0158 9.256110661e-34 7.963238749e-34 1.497924095e-32
   1e+08   0.0251               0 7.963239146e-34 3.248699764e-33
   1e+08   0.0398 1.637743599e-34 1.990809944e-34 4.950810168e-34
   1e+08   0.0631 1.343349929e-33 4.977025484e-34 1.098510893e-32
   1e+08      0.1 9.127958805e-34 9.954052946e-35 7.585885084e-33
   1e+08    0.158 8.227641579e-34 6.967839257e-34  3.54771787e-33
   1e+08    0.251 4.153028657e-34  1.99081221e-34 4.529443055e-33
   1e+08    0.398 5.240759769e-34 1.493110339e-33 2.227869163e-33
   1e+08    0.631  9.92006331e-34 1.990816281e-34 9.415838388e-33
   1e+08        1 7.302297931e-34 9.954101183e-35  4.19713026e-33
   1e+08     1.58 1.316402906e-34 9.954132531e-35 2.217341846e-33
   1e+08     2.51 8.305859853e-34 4.977091107e-34  5.46664023e-33
   1e+08     3.98 5.240562311e-34 9.954260958e-35 5.105638631e-33
   1e+08     6.31 6.612980636e-34 9.954385757e-35 3.555575844e-33
   1e+08       10  1.00136323e-33 7.963666841e-34 4.858040919e-33
   1e+08     15.8 1.052964384e-34 3.981958814e-34  3.23388861e-33
   1e+08     25.1 6.643108663e-34 2.986618163e-34 2.684859615e-33
   1e+08     39.8 5.029045125e-34 9.956181323e-35 2.998246012e-33
   1e+08     63.1 7.402118728e-34 7.965943485e-34 2.452921548e-33
   1e+08      100 1.200499967e-33 4.979703698e-34 7.169316755e-33
   1e+08      158 3.364441462e-34 3.985016989e-34 2.889767597e-34
   1e+08      251 7.422647403e-34  4.98375574e-34  3.20768796e-33
   1e+08      398 1.336050117e-34 3.990154975e-34 8.480218104e-34
   1e+08      631 1.681886569e-34 9.987871516e-35 1.922599389e-34
   1e+08    1e+03 1.057133386e-34  1.20091935e-33 1.526780095e-33
   1e+08 1.58e+03 6.629867146e-34 2.007807059e-34 8.497590473e-34
   1e+08 2.51e+03 8.287363234e-34               0 2.417686207e-33
   1e+08 3.98e+03 2.060874924e-34 6.100610304e-34 3.091027911e-34
   1e+08 6.31e+03               0 3.087859876e-34 2.481702837e-34
   1e+08    1e+04 7.743898168e-34 9.442412533e-34 6.021654525e-34
   1e+08 1.58e+04 3.710017041e-34 3.242139243e-34 4.925502054e-34
   1e+08 2.51e+04 1.084861135e-34 4.523360575e-34 1.365790997e-34
   1e+08 3.98e+04 3.693073491e-34 1.331442496e-33 3.492656754e-34
   1e+08 6.31e+04 5.393714639e-34 6.681003847e-34  2.77066254e-33
   1e+08    1e+05 7.120668827e-34 7.664927934e-34 1.509545074e-33
   1e+08 1.58e+05 1.019148755e-33 1.100216408e-33 4.907853816e-33
   1e+08 2.51e+05 4.357731811e-34 4.891001942e-33 1.388672863e-32
   1e+08 3.98e+05 7.141012692e-34 4.476479191e-33 4.920052377e-33
   1e+08 6.31e+05 4.188075159e-34 1.552413995e-32 3.282139189e-33
   1e+08    1e+06 2.731047389e-34 2.383716821e-32 4.461707585e-32
   1e+08 1.58e+06 9.398010437e-34 4.338018147e-33 6.756087553e-32
   1e+08 2.51e+06               0 2.046732036e-32 3.009461955e-32
   1e+08 3.98e+06               0  7.53271079e-32 6.759017009e-32
   1e+08 6.31e+06 2.691646758e-34 1.385712833e-31 9.207439766e-32
   1e+08    1e+07 2.061748282e-33 6.661514129e-32 4.756653537e-31
   1e+08 1.58e+07 2.834956024e-34 5.317266259e-31 5.846782231e-32
   1e+08 2.51e+07 1.179795398e-33 5.794316636e-33 1.513917147e-31
   1e+08 3.98e+07 7.731148995e-34 5.721195744e-31  8.46178168e-31
   1e+08 6.31e+07 1.305507293e-33 3.364063777e-30 3.173971582e-30
   1e+08    1e+08 5.195163146e-34 1.435263307e-31 2.596093859e-31
   1e+08 1.58e+08 3.691701804e-34 3.790790864e-30 3.979341165e-30
   1e+08 2.51e+08  9.87250842e-35  2.56815275e-30 6.346129921e-30
   1e+08 3.98e+08 2.223934396e-33 8.812736559e-30 4.484375042e-30
   1e+08 6.31e+08 1.707707483e-33  7.28433146e-30 1.108278691e-29
   1e+08    1e+09 7.355632273e-34 1.483141728e-29  3.31537165e-29
   1e+08 1.58e+09               0  5.28091729e-29 6.007729833e-29
   1e+08 2.51e+09 2.425164255e-33  1.05113013e-28 1.325280712e-28
   1e+08 3.98e+09  2.15704524e-33 1.099915242e-28 8.907137017e-29
   1e+08 6.31e+09 9.989854507e-34 1.740697727e-28 1.645070692e-28
   1e+08    1e+10 8.999786588e-34 1.954825137e-28 3.400483991e-28
   1e+09   0.0001 2.273991945e-33 1.511702253e-34               0
   1e+09 0.000158 3.789986575e-33               0 1.368457151e-34
   1e+09 0.000251 3.221488589e-33 1.898612189e-34               0
   1e+09 0.000398 3.410987918e-33 1.504548766e-34               0
   1e+09 0.000631 1.894993288e-34 2.384549098e-34 2.711073029e-34
   1e+09    0.001 1.136995973e-33               0               0
   1e+09  0.00158 1.326495301e-33               0 1.069107149e-34
   1e+09  0.00251 6.821975836e-33 1.186632618e-34 6.713689356e-34
   1e+09  0.00398 5.495480534e-33 1.880685958e-34  1.68640252e-34
   1e+09  0.00631 2.652990603e-33               0 1.059012902e-34
   1e+09     0.01 1.894993288e-33  2.36203477e-34               0
   1e+09   0.0158 4.926982548e-33 1.871786414e-34 5.011439763e-34
   1e+09   0.0251 3.789986575e-33 1.483290772e-34 1.049013962e-34
   1e+09   0.0398  1.51599463e-33 1.175428724e-34 3.952505906e-34
   1e+09   0.0631 1.136995972e-33 1.862928983e-34  1.65470766e-34
   1e+09      0.1 1.705493958e-33 1.476271732e-34               0
   1e+09    0.158 3.789986572e-34               0 2.610124878e-34
   1e+09    0.251  2.27399194e-33               0 1.639084319e-34
   1e+09    0.398 9.474966381e-34 1.469285913e-34               0
   1e+09    0.631 3.789986517e-33 1.164330631e-34 2.585480748e-34
   1e+09        1 3.031989144e-33               0               0
   1e+09     1.58 1.136995863e-33 1.462333268e-34               0
   1e+09     2.51 2.273991393e-33 1.158821179e-34  1.28053486e-34
   1e+09     3.98 1.515993706e-33 1.836608427e-34 4.824838573e-34
   1e+09     6.31 1.136994232e-33 1.455415349e-34 1.009954595e-34
   1e+09       10 1.894985999e-33               0 3.805343641e-34
   1e+09     15.8 4.168944957e-33               0  3.18621127e-34
   1e+09     25.1 6.442820829e-33 1.448558982e-34 4.001745387e-34
   1e+09     39.8 1.326414449e-33  2.29588995e-34               0
   1e+09     63.1 2.273643837e-33  1.81952678e-34 3.156476057e-34
   1e+09      100 3.977956219e-33  1.44218947e-34  2.97379514e-34
   1e+09      158  7.57266067e-34 1.143478218e-34 1.245528638e-34
   1e+09      251 7.561645056e-34               0 1.566064258e-34
   1e+09      398 2.636964917e-33 1.442990451e-34               0
   1e+09      631 3.733253385e-34 1.153158675e-34 4.988725616e-34
   1e+09    1e+03 2.008662647e-33               0 1.592712514e-34
   1e+09 1.58e+03  1.21433716e-33 1.550115539e-34 2.077999947e-34
   1e+09 2.51e+03 6.219065192e-34 1.357691423e-34 1.409590432e-34
   1e+09 3.98e+03 1.271774585e-33               0 9.018106338e-34
   1e+09 6.31e+03 1.879124619e-34               0 7.182421001e-34
   1e+09    1e+04 1.283578943e-34               0 3.790845873e-34
   1e+09 1.58e+04 6.706742541e-34 1.238522629e-34 1.812564231e-33
   1e+09 2.51e+04 2.143342722e-34 9.692029046e-35 7.180247398e-34
   1e+09 3.98e+04 1.356154113e-34 2.518437621e-34 8.919982841e-34
   1e+09 6.31e+04               0  1.43401505e-34 1.476065092e-34
   1e+09    1e+05 4.276960236e-34 4.571574318e-34 2.394015539e-34
   1e+09 1.58e+05 1.333015575e-34 1.572611996e-34 4.827573962e-34
   1e+09 2.51e+05 6.601560727e-34               0 7.806577125e-34
   1e+09 3.98e+05 5.058129348e-34 4.944454529e-34 1.144993657e-33
   1e+09 6.31e+05   9.7860617e-34 3.404841184e-34 8.400251502e-34
   1e+09    1e+06 2.905341106e-34 7.128914312e-34 7.061398267e-34
   1e+09 1.58e+06 2.025252542e-33 3.799956915e-34 2.127819379e-33
   1e+09 2.51e+06 9.572554005e-34 5.175444186e-34 1.615243249e-33
   1e+09 3.98e+06 5.306963939e-34 8.079719938e-34 2.455669083e-34
   1e+09 6.31e+06 1.155017844e-34 1.577772162e-33  2.87474851e-33
   1e+09    1e+07  6.20384012e-34 5.176469086e-33 8.779629607e-34
   1e+09 1.58e+07 1.852725304e-33 2.849564956e-33 6.344659586e-34
   1e+09 2.51e+07 9.853928879e-34 7.743922916e-33 8.161963616e-34
   1e+09 3.98e+07 4.493062922e-34 2.338831077e-33 3.628034157e-33
   1e+09 6.31e+07 9.576836397e-34 6.221319796e-33 4.121394169e-33
   1e+09    1e+08               0 3.396411748e-34 7.646182849e-33
   1e+09 1.58e+08 5.476760639e-34 1.672039075e-32 6.930785875e-32
   1e+09 2.51e+08 2.742557657e-33 9.787489533e-32 4.507701405e-32
   1e+09 3.98e+08 6.318063057e-34  5.20576708e-32 5.441006383e-32
   1e+09 6.31e+08 2.267588381e-34 8.186134502e-32 1.265246554e-32
   1e+09    1e+09 8.555931505e-34 2.658179353e-31 3.306658445e-31
   1e+09 1.58e+09 1.318933357e-34 1.679780494e-31 1.526128532e-31
   1e+09 2.51e+09 1.851583764e-33 2.449551554e-31  2.38684806e-31
   1e+09 3.98e+09 2.616215144e-33 2.920141534e-31 1.434279793e-31
   1e+09 6.31e+09 8.317763372e-34 1.109041048e-31 4.248911759e-31
   1e+09    1e+10 2.878125679e-33 5.371390622e-31 1.547909138e-30
   1e+10   0.0001 7.251598987e-34               0 1.369828816e-34
   1e+10 0.000158 5.438699241e-34               0 3.440854416e-34
   1e+10 0.000251 1.087739848e-33 1.365845434e-34  3.24113832e-34
   1e+10 0.000398 5.438699241e-34 1.082359565e-34 1.356895228e-34
   1e+10 0.000631 5.438699241e-34 1.715424307e-34 1.704183356e-34
   1e+10    0.001 3.625799494e-34               0 2.140357524e-34
   1e+10  0.00158 3.625799494e-34               0 1.344083756e-34
   1e+10  0.00251 7.251598987e-34               0 1.688092875e-34
   1e+10  0.00398 1.812899747e-34               0               0
   1e+10  0.00631 5.438699241e-34 1.072140192e-34               0
   1e+10     0.01               0               0 1.672154316e-34
   1e+10   0.0158 7.251598987e-34               0 3.150196303e-34
   1e+10   0.0251 5.438699241e-34 2.134133491e-34 1.318822558e-34
   1e+10   0.0398 1.087739848e-33               0  3.31273249e-34
   1e+10   0.0631 7.251598987e-34               0 2.080301948e-34
   1e+10      0.1 7.251598987e-34               0 1.306370559e-34
   1e+10    0.158               0               0               0
   1e+10    0.251 1.812899747e-34               0 1.030330124e-34
   1e+10    0.398 7.251598987e-34               0 1.294036129e-34
   1e+10    0.631               0               0               0
   1e+10        1               0 1.327521634e-34               0
   1e+10     1.58 3.625799494e-34               0 1.281818157e-34
   1e+10     2.51 7.251598987e-34  1.66729179e-34 3.219781637e-34
   1e+10     3.98 5.438699241e-34 2.642479407e-34 2.021931452e-34
   1e+10     6.31               0 1.047011906e-34               0
   1e+10       10 3.625799494e-34 1.659402042e-34 1.594690624e-34
   1e+10     15.8 1.812899747e-34               0               0
   1e+10     25.1 7.251598987e-34 1.042057369e-34 1.257727202e-34
   1e+10     39.8 5.438699241e-34               0               0
   1e+10     63.1               0 2.617529765e-34 1.983930539e-34
   1e+10      100 3.625799494e-34 1.037126276e-34  1.24585205e-34
   1e+10      158 1.812899747e-34               0  1.56471943e-34
   1e+10      251               0               0               0
   1e+10      398 3.625799494e-34               0               0
   1e+10      631 3.625799494e-34               0               0
   1e+10    1e+03 7.251598987e-34 1.296407846e-34 1.946643828e-34
   1e+10 1.58e+03  5.43869924e-34 1.027333985e-34 1.222437055e-34
   1e+10 2.51e+03 1.087739848e-33               0 3.070623052e-34
   1e+10 3.98e+03 7.251598981e-34 1.290273149e-34 2.892396144e-34
   1e+10 6.31e+03 1.087739846e-33               0 3.632685317e-34
   1e+10    1e+04 7.251598945e-34               0 1.520815495e-34
   1e+10 1.58e+04 7.251598882e-34  1.28416749e-34 3.820115825e-34
   1e+10 2.51e+04               0 1.017634169e-34 1.199462152e-34
   1e+10 3.98e+04 7.251598323e-34               0 3.012912789e-34
   1e+10 6.31e+04 3.625798659e-34 1.278090861e-34 1.892023822e-34
   1e+10    1e+05 3.625797397e-34               0 1.188137452e-34
   1e+10 1.58e+05 3.625794226e-34 1.605210586e-34 1.492233836e-34
   1e+10 2.51e+05 3.625786262e-34 1.272045146e-34 1.874163058e-34
   1e+10 3.98e+05 1.812883129e-34 1.008030793e-34 1.176924493e-34
   1e+10 6.31e+05               0 1.597632873e-34 1.478160757e-34
   1e+10    1e+06 1.812794902e-34 1.266062084e-34  1.85651886e-34
   1e+10 1.58e+06 1.087581852e-33 3.009999197e-34 2.331786002e-34
   1e+10 2.51e+06               0               0 1.464458988e-34
   1e+10 3.98e+06 3.622480027e-34 1.260643889e-34               0
   1e+10 6.31e+06 3.617477041e-34 9.997241032e-35  1.15614978e-34
   1e+10    1e+07  1.80249631e-34               0               0
   1e+10 1.58e+07 7.148287055e-34               0 1.834860088e-34
   1e+10 2.51e+07 3.499720346e-34               0  1.16443826e-34
   1e+10 3.98e+07 6.659954284e-34               0 1.498375256e-34
   1e+10 6.31e+07 1.493338399e-34 1.374080527e-34               0
   1e+10    1e+08 3.641380806e-34 1.185723691e-34 1.345582105e-34
   1e+10 1.58e+08 1.752032869e-34               0 1.829079963e-34
   1e+10 2.51e+08 5.722485008e-34 3.302396752e-34 9.241999493e-34
   1e+10 3.98e+08               0 1.170086373e-34 1.288284063e-34
   1e+10 6.31e+08 3.323485341e-34 7.390270872e-34 1.157832277e-33
   1e+10    1e+09 1.539883055e-33 1.395910754e-33  3.37241464e-33
   1e+10 1.58e+09 4.393099319e-34 2.001140612e-33 4.606553795e-33
   1e+10 2.51e+09  1.73462426e-33 4.210905484e-33 1.287914466e-33
   1e+10 3.98e+09 1.800541518e-33  1.68375273e-33 8.055948761e-33
   1e+10 6.31e+09 9.221205322e-34 4.585564373e-33 6.003594318e-33
   1e+10    1e+10 6.781416596e-34  1.13650401e-32 6.790384717e-33
   1e+11   0.0001 1.107218129e-33 1.099224405e-34 2.702141278e-34
   1e+11 0.000158 1.937631726e-33               0 3.393736006e-34
   1e+11 0.000251 1.660827194e-33 1.380563434e-34 5.327924642e-34
   1e+11 0.000398  8.30413597e-34               0 1.338314162e-34
   1e+11 0.000631 2.768045323e-34 1.733909278e-34 1.680846592e-34
   1e+11    0.001 1.937631726e-33 1.374030506e-34 5.277619684e-34
   1e+11  0.00158  8.30413597e-34 1.088845797e-34 2.651356255e-34
   1e+11  0.00251 5.536090647e-34               0  1.66497645e-34
   1e+11  0.00398 1.384022662e-34               0               0
   1e+11  0.00631               0 1.083693299e-34               0
   1e+11     0.01 2.768045323e-34 1.717538132e-34 1.649256151e-34
   1e+11   0.0158 1.522424928e-33 1.361057247e-34 4.142744148e-34
   1e+11   0.0251 1.107218129e-33               0 2.601525704e-34
   1e+11   0.0398 2.214436259e-33 1.709410615e-34 4.901052838e-34
   1e+11   0.0631 1.245620396e-33 1.354616624e-34 3.077722031e-34
   1e+11      0.1 1.384022662e-34               0 2.576962736e-34
   1e+11    0.158 2.768045323e-34 1.701321559e-34 1.618259433e-34
   1e+11    0.251 2.768045323e-34               0               0
   1e+11    0.398 1.522424928e-33 1.068381635e-34 5.105263373e-34
   1e+11    0.631 5.536090647e-34               0               0
   1e+11        1 5.536090647e-34 1.341826666e-34 1.006626069e-34
   1e+11     1.58 1.384022662e-33 1.063325974e-34 5.057060728e-34
   1e+11     2.51 6.920113309e-34               0 4.763535835e-34
   1e+11     3.98 5.536090647e-34 1.335477043e-34 9.971217525e-35
   1e+11     6.31 6.920113309e-34 1.058294237e-34   1.2523283e-34
   1e+11       10  8.30413597e-34 1.677283332e-34 4.718559698e-34
   1e+11     15.8 1.522424928e-33 1.329157468e-34  2.96312152e-34
   1e+11     25.1 4.152067985e-34               0 2.481008247e-34
   1e+11     39.8 1.384022662e-33               0 4.674008215e-34
   1e+11     63.1 1.937631726e-33 1.322867797e-34 3.913525938e-34
   1e+11      100 1.937631726e-33 1.048302083e-34 3.686374764e-34
   1e+11      158  8.30413597e-34               0 3.086584917e-34
   1e+11      251 1.107218129e-33 1.316607889e-34  2.90743154e-34
   1e+11      398 1.384022662e-33  2.08668288e-34 3.651568918e-34
   1e+11      631 4.152067985e-34 1.653584746e-34  1.52872107e-34
   1e+11    1e+03 1.107218129e-33 1.310377603e-34 1.919986856e-34
   1e+11 1.58e+03 4.152067985e-34 1.038404272e-34 1.205697233e-34
   1e+11 2.51e+03 1.384022662e-33               0 3.028574521e-34
   1e+11 3.98e+03 1.937631726e-33   1.3041768e-34 5.705576434e-34
   1e+11 6.31e+03  8.30413597e-34               0 2.388626671e-34
   1e+11    1e+04 1.384022662e-33               0 4.499969194e-34
   1e+11 1.58e+04 1.937631726e-33 1.298005339e-34 5.651705781e-34
   1e+11 2.51e+04  8.30413597e-34               0 3.549110766e-34
   1e+11 3.98e+04 1.384022662e-33    1.630221e-34 5.943308785e-34
   1e+11 6.31e+04  8.30413597e-34               0 5.598343761e-34
   1e+11    1e+05  8.30413597e-34 1.023732503e-34 4.687467911e-34
   1e+11 1.58e+05 1.384022662e-34               0               0
   1e+11 2.51e+05 5.536090647e-34               0 1.848495191e-34
   1e+11 3.98e+05 1.660827194e-33  2.03777625e-34 4.643209989e-34
   1e+11 6.31e+05 1.107218129e-33               0 2.915804042e-34
   1e+11    1e+06  1.79922946e-33               0 5.493126458e-34
   1e+11 1.58e+06 6.920113308e-34 2.028133343e-34 2.299684969e-34
   1e+11 2.51e+06 5.536090645e-34               0 1.444136868e-34
   1e+11 3.98e+06 1.660827193e-33               0 1.813753902e-34
   1e+11 6.31e+06 1.384022659e-33 1.009268034e-34 3.416957865e-34
   1e+11    1e+07 8.304135928e-34               0 2.861003371e-34
   1e+11 1.58e+07 1.799229437e-33               0 7.186515575e-34
   1e+11 2.51e+07 1.384022617e-33               0 3.384695839e-34
   1e+11 3.98e+07               0               0               0
   1e+11 6.31e+07  2.76804476e-34               0 1.779665734e-34
   1e+11    1e+08 5.536087815e-34               0 2.235159449e-34
   1e+11 1.58e+08 5.536083534e-34               0 2.807234432e-34
   1e+11 2.51e+08 1.107214556e-33 2.511234312e-34 3.525730465e-34
   1e+11 3.98e+08               0 9.950119703e-35 1.107032016e-34
   1e+11 6.31e+08 1.107195583e-33 1.576997368e-34 5.561511486e-34
   1e+11    1e+09 1.107161498e-33               0 1.746262538e-34
   1e+11 1.58e+09 2.767689733e-34 9.903631347e-35 1.096645695e-34
   1e+11 2.51e+09 2.767152355e-34 1.569772265e-34 2.754916908e-34
   1e+11 3.98e+09 1.106321505e-33 1.244264008e-34 5.191293727e-34
   1e+11 6.31e+09   4.1436361e-34 2.959846851e-34  3.26197728e-34
   1e+11    1e+10 8.261950824e-34               0 1.367706327e-34
