   1e+04   0.0001  1.08694076e-33 3.110667871e-34  2.42085638e-33
   1e+04 0.000158 1.370744087e-33 3.111670203e-34 2.525023102e-33
   1e+04 0.000251 4.937144256e-34 2.075505998e-34 2.402361164e-33
   1e+04 0.000398 1.555054444e-34 6.231555157e-34 2.540377386e-34
   1e+04 0.000631 1.468012911e-33 4.159694067e-34 3.023539955e-33
   1e+04    0.001 1.599059019e-33  3.12610221e-34 3.201142288e-33
   1e+04  0.00158  1.54240683e-33 6.272290541e-34 2.926616601e-33
   1e+04  0.00251 1.059918858e-33 6.304165037e-34 1.216159872e-33
   1e+04  0.00398 1.077488239e-33 1.165043398e-33 8.095665355e-34
   1e+04  0.00631 7.374670404e-34 2.145083119e-34 6.496617602e-34
   1e+04     0.01 1.076541572e-33 2.187791311e-34 1.575217022e-33
   1e+04   0.0158 7.501144132e-34 2.255947562e-34 1.201352307e-33
   1e+04   0.0251 4.993061859e-34 4.730071393e-34 4.277327126e-34
   1e+04   0.0398 1.971000776e-33 3.810294499e-34 2.669769287e-33
   1e+04   0.0631 1.528646762e-33 1.269891266e-33 1.175170473e-33
   1e+04      0.1 6.379093933e-34 1.473244638e-33  3.43759865e-33
   1e+04    0.158 9.621465116e-34 2.991155317e-34 6.068108832e-33
   1e+04    0.251  1.40903673e-33 6.226299954e-33 7.277371982e-33
   1e+04    0.398 8.984166182e-34 3.343990384e-33 9.685135459e-33
   1e+04    0.631 8.482464435e-34 1.157087712e-31 1.496544056e-31
   1e+04        1 3.974342706e-34 2.835330223e-27 2.835417055e-27
   1e+04     1.58 2.312872137e-31 3.108564876e-24 3.108651531e-24
   1e+04     2.51 4.526913482e-29 1.561233035e-21 1.561272425e-21
   1e+04     3.98 1.171129643e-27 4.383357608e-20 4.383566601e-20
   1e+04     6.31 2.495867791e-27 4.961924639e-19 4.962208941e-19
   1e+04       10 2.802975313e-27 1.386791541e-18 1.386897343e-18
   1e+04     15.8 2.925461671e-27 2.828777866e-18 2.829068977e-18
   1e+04     25.1 3.013629755e-27 5.460483513e-18 5.461243629e-18
   1e+04     39.8 2.971946901e-27 1.039134953e-17 1.039330813e-17
   1e+04     63.1 2.086375703e-26 1.842446178e-17 1.842890853e-17
   1e+04      100 1.130083903e-24 4.094659594e-17 4.098375798e-17
   1e+04      158 1.693937836e-23  1.49812019e-15 1.499460407e-15
   1e+04      251 1.106936757e-22 1.360347746e-14 1.361984289e-14
   1e+04      398  4.01606993e-22 6.671693408e-14 6.682627036e-14
   1e+04      631 9.588053003e-22 2.155089404e-13 2.159897603e-13
   1e+04    1e+03 1.693054433e-21 5.178139081e-13 5.193821172e-13
   1e+04 1.58e+03 2.390287547e-21 1.002081457e-12 1.006185342e-12
   1e+04 2.51e+03 2.844610305e-21 1.648564104e-12 1.657653599e-12
   1e+04 3.98e+03 2.987401358e-21 2.416828162e-12 2.434677099e-12
   1e+04 6.31e+03 2.915622275e-21 3.330602357e-12 3.363355973e-12
   1e+04    1e+04 2.777362874e-21 4.541143957e-12 4.600203543e-12
   1e+04 1.58e+04 2.651861717e-21 6.306404825e-12  6.41402267e-12
   1e+04 2.51e+04 2.550419528e-21 8.985631296e-12 9.185087464e-12
   1e+04 3.98e+04 2.464720547e-21 1.313232905e-11  1.35079932e-11
   1e+04 6.31e+04 2.386302076e-21 1.965748951e-11 2.037526821e-11
   1e+04    1e+05 2.308342667e-21 3.007388632e-11 3.146223505e-11
   1e+04 1.58e+05 2.225197886e-21 4.688133423e-11 4.959158399e-11
   1e+04 2.51e+05 2.132188066e-21 7.416357077e-11 7.948004152e-11
   1e+04 3.98e+05 2.025683773e-21 1.184753221e-10  1.28892944e-10
   1e+04 6.31e+05 1.903413168e-21 1.900975514e-10 2.103397388e-10
   1e+04    1e+06 1.764864332e-21 3.047252021e-10 3.434064768e-10
   1e+04 1.58e+06 1.611590879e-21 4.856383008e-10 5.577231642e-10
   1e+04 2.51e+06 1.447211594e-21 7.664276031e-10 8.964327906e-10
   1e+04 3.98e+06 1.276980012e-21 1.194437647e-09 1.419974702e-09
   1e+04 6.31e+06 1.106977096e-21 1.835261657e-09  2.21018077e-09
   1e+04    1e+07 9.431527763e-22 2.778838053e-09 3.375185493e-09
   1e+04 1.58e+07 7.904987348e-22 4.147909065e-09 5.056309719e-09
   1e+04 2.51e+07 6.525491154e-22 6.109801786e-09 7.438557306e-09
   1e+04 3.98e+07 5.312522268e-22 8.892732554e-09 1.076647457e-08
   1e+04 6.31e+07 4.271318743e-22 1.280819322e-08 1.536704831e-08
   1e+04    1e+08 3.396076836e-22 1.828151804e-08 2.168146066e-08
   1e+04 1.58e+08 2.673572205e-22 2.589350398e-08  3.03081561e-08
   1e+04 2.51e+08 2.086436794e-22 3.643702319e-08 4.206084278e-08
   1e+04 3.98e+08 1.615736825e-22 5.099401178e-08 5.804667888e-08
   1e+04 6.31e+08 1.242783397e-22  7.10401727e-08 7.977199468e-08
   1e+04    1e+09 9.502630334e-23 9.858737834e-08 1.092856197e-07
   1e+04 1.58e+09 7.228362963e-23 1.363773512e-07 1.493734919e-07
   1e+04 2.51e+09 5.473577994e-23 1.881450818e-07 2.038230951e-07
   1e+04 3.98e+09 4.128498121e-23 2.589770801e-07 2.777828877e-07
   1e+04 6.31e+09 3.103318099e-23 3.557985742e-07 3.782508912e-07
   1e+04    1e+10 2.325791247e-23 4.880360364e-07 5.147388626e-07
   1e+05   0.0001 1.243543663e-34 1.036296875e-34 2.037528457e-33
   1e+05 0.000158 1.412292625e-33 2.072614874e-34 6.761342473e-33
   1e+05 0.000251 2.970225393e-34 4.145296711e-34 2.719030436e-33
   1e+05 0.000398  9.99461109e-34 6.218104261e-34 3.295487127e-33
   1e+05 0.000631 6.305661631e-34 3.109178284e-34 5.424099639e-33
   1e+05    0.001 1.989045998e-34 1.036459409e-34 7.960343946e-34
   1e+05  0.00158  3.76424254e-34 4.146260168e-34 3.911450059e-33
   1e+05  0.00251 1.266298624e-33 3.110197396e-34 5.400202002e-33
   1e+05  0.00398 9.982149556e-35 5.184989151e-34 1.902429839e-33
   1e+05  0.00631 6.293212368e-34 2.074836897e-34 7.540927924e-34
   1e+05     0.01 7.931324269e-34 5.190425959e-34 3.488113739e-33
   1e+05   0.0158 6.991868246e-34 3.117426539e-34 3.162238336e-33
   1e+05   0.0251 6.282089308e-34 3.122454215e-34 1.505968044e-33
   1e+05   0.0398 9.465022066e-34               0 2.692005553e-33
   1e+05   0.0631 9.874631435e-34               0 9.519518262e-34
   1e+05      0.1 6.153484949e-34 2.108771644e-34 6.326589761e-34
   1e+05    0.158 3.046611973e-34 4.260080355e-34 1.012810608e-34
   1e+05    0.251 3.731957681e-34 2.163875587e-34 4.892090727e-34
   1e+05    0.398  1.12554732e-34 4.435612302e-34 1.324449371e-34
   1e+05    0.631 6.644449437e-34 5.759978574e-34 1.090344963e-34
   1e+05        1 6.098016234e-34  9.76863682e-34 1.831719828e-34
   1e+05     1.58 1.350366675e-33 6.660732102e-34 1.108506437e-33
   1e+05     2.51 5.389274707e-34 7.553559265e-34   1.7077566e-33
   1e+05     3.98 3.677315308e-34  2.87286262e-33 4.021209098e-34
   1e+05     6.31               0   4.8154765e-33 2.385035993e-33
   1e+05       10 5.269946706e-34 4.940357226e-33 6.812196068e-34
   1e+05     15.8 1.167580817e-33 4.635311421e-33  4.30545687e-33
   1e+05     25.1 7.840787809e-34 4.093870631e-29 4.098162451e-29
   1e+05     39.8 8.590816988e-32 6.110253569e-26 6.110867332e-26
   1e+05     63.1 1.395608015e-30 1.520947203e-22 1.521334653e-22
   1e+05      100 3.744479331e-27 4.945972351e-22 4.940013034e-22
   1e+05      158 2.005854397e-26 2.019437309e-19 2.020459518e-19
   1e+05      251 2.698823883e-26 8.922451927e-19  8.92832213e-19
   1e+05      398 2.864231567e-26 2.003399538e-18 2.005169588e-18
   1e+05      631 2.964260248e-26 3.927189139e-18 3.931873809e-18
   1e+05    1e+03 3.034087379e-26 7.509878109e-18 7.521990764e-18
   1e+05 1.58e+03  1.16193288e-26 1.412877125e-17 1.415944996e-17
   1e+05 2.51e+03  1.84112068e-24 1.563333325e-17   1.5651722e-17
   1e+05 3.98e+03 4.746219951e-23 3.310883344e-16 3.337137331e-16
   1e+05 6.31e+03 4.525811979e-22 4.791928228e-15 4.840735219e-15
   1e+05    1e+04  2.14362613e-21 3.095275504e-14 3.137877853e-14
   1e+05 1.58e+04 6.176443312e-21  1.20902081e-13 1.231536219e-13
   1e+05 2.51e+04 1.246736818e-20 3.325122026e-13 3.408533139e-13
   1e+05 3.98e+04 1.939986352e-20 7.105510123e-13 7.344039625e-13
   1e+05 6.31e+04 2.479033966e-20 1.258713188e-12 1.314798739e-12
   1e+05    1e+05 2.724156599e-20 1.938215302e-12 2.051706216e-12
   1e+05 1.58e+05 2.693385266e-20  2.71854208e-12 2.925192922e-12
   1e+05 2.51e+05 2.515324864e-20 3.652559593e-12 4.007706248e-12
   1e+05 3.98e+05 2.303202194e-20 4.888516763e-12 5.485769755e-12
   1e+05 6.31e+05 2.097802122e-20 6.621943386e-12 7.617349226e-12
   1e+05    1e+06 1.899980142e-20 9.084322837e-12 1.072415831e-11
   1e+05 1.58e+06 1.704979923e-20 1.257865259e-11  1.52319382e-11
   1e+05 2.51e+06  1.51132331e-20  1.75175459e-11 2.170849603e-11
   1e+05 3.98e+06 1.320662102e-20 2.445951791e-11 3.089014574e-11
   1e+05 6.31e+06 1.136509916e-20 3.415431704e-11 4.370785941e-11
   1e+05    1e+07 9.629697755e-21 4.760500343e-11  6.13267116e-11
   1e+05 1.58e+07 8.037031421e-21 6.615463635e-11 8.521606134e-11
   1e+05 2.51e+07 6.612914107e-21 9.160710886e-11 1.172679161e-10
   1e+05 3.98e+07 5.370072939e-21 1.263939722e-10 1.599765234e-10
   1e+05 6.31e+07 4.309012857e-21 1.738026791e-10 2.166890147e-10
   1e+05    1e+08 3.420654947e-21 2.382871579e-10 2.919399656e-10
   1e+05 1.58e+08 2.689534638e-21 3.258894609e-10 3.918927475e-10
   1e+05 2.51e+08 2.096767296e-21 4.448119737e-10  5.24925197e-10
   1e+05 3.98e+08 1.622401638e-21 6.061941764e-10 7.024146413e-10
   1e+05 6.31e+08 1.247071362e-21  8.25167523e-10 9.397981275e-10
   1e+05    1e+09  9.53015029e-22 1.122288509e-09 1.258010137e-09
   1e+05 1.58e+09  7.24598677e-22 1.525485948e-09 1.685435421e-09
   1e+05 2.51e+09 5.484842638e-22  2.07270732e-09 2.260562822e-09
   1e+05 3.98e+09 4.135685991e-22 2.815515454e-09   3.0355919e-09
   1e+05 6.31e+09   3.1078978e-22 3.823977026e-09 4.081334201e-09
   1e+05    1e+10 2.328705372e-22 5.193307069e-09 5.493873628e-09
   1e+06   0.0001 1.094355358e-33 2.071772925e-34 1.107887401e-32
   1e+06 0.000158 1.255438374e-33 7.251207576e-34 6.962987348e-33
   1e+06 0.000251               0 3.107661977e-34  4.95802179e-33
   1e+06 0.000398 1.199514479e-33               0  9.75905619e-33
   1e+06 0.000631 1.135260793e-33 1.035889493e-34 8.436589952e-33
   1e+06    0.001 3.183547658e-34 1.035891599e-33  1.91016017e-33
   1e+06  0.00158 6.026009501e-34 9.323054436e-34 1.261420672e-33
   1e+06  0.00251 2.534744083e-34 3.107700684e-34 4.898106772e-33
   1e+06  0.00398 9.595737067e-34  7.25136029e-34 1.901152399e-33
   1e+06  0.00631               0 2.071843804e-34 2.008774785e-33
   1e+06     0.01 5.093171278e-34 2.071885929e-34 9.949244563e-35
   1e+06   0.0158 4.820050197e-34 4.143905385e-34 3.153799694e-34
   1e+06   0.0251 1.317738756e-33 2.072058507e-34 5.123658401e-33
   1e+06   0.0398 3.836780506e-34 8.288904861e-34 4.060554529e-33
   1e+06   0.0631 4.840448685e-34 2.072492023e-34 3.610647335e-33
   1e+06      0.1 1.017625521e-33 6.218739966e-34 8.709909044e-34
   1e+06    0.158 8.983315808e-34 1.036790545e-33  3.94535021e-34
   1e+06    0.251 4.853416591e-34 5.186598913e-34 3.128076458e-34
   1e+06    0.398               0 5.190793691e-34   1.4885039e-33
   1e+06    0.631 1.282773434e-34 1.039488819e-34 9.842268409e-34
   1e+06        1 8.061267098e-34 4.166391694e-34 1.563061759e-33
   1e+06     1.58 6.065039914e-34 5.224716474e-34 8.698369068e-34
   1e+06     2.51 1.010381638e-33  7.35176394e-34  5.93831823e-34
   1e+06     3.98 1.098466523e-33 7.410775136e-34 1.106840196e-33
   1e+06     6.31 2.899931171e-34  9.64875162e-34 2.537780122e-34
   1e+06       10 8.231506028e-34 1.093421228e-34  1.53833387e-33
   1e+06     15.8 1.404666825e-34 9.019771573e-34               0
   1e+06     25.1 4.908972118e-34 5.909832173e-34 5.569718046e-34
   1e+06     39.8 7.382590457e-34 1.523348376e-33  5.92585748e-34
   1e+06     63.1 2.004184225e-34 5.640711499e-34 4.173555636e-34
   1e+06      100 4.182319187e-34  1.30863042e-33  9.59244927e-34
   1e+06      158 2.103091418e-34 2.689574112e-33 5.556027253e-34
   1e+06      251 9.242067822e-34 7.995302394e-33 3.927721172e-33
   1e+06      398 5.894818503e-34 9.013428805e-33 1.121376852e-32
   1e+06      631 9.280233558e-34 1.115329281e-31 1.260849554e-31
   1e+06    1e+03  5.04687952e-33 2.720096931e-27 2.724189845e-27
   1e+06 1.58e+03 2.224850068e-29 2.888391798e-24 2.896460298e-24
   1e+06 2.51e+03 4.255812402e-27 1.510504332e-21 1.514297597e-21
   1e+06 3.98e+03 1.135591239e-25 4.137631206e-20 4.157227452e-20
   1e+06 6.31e+03  2.45004725e-25 4.814961731e-19  4.84213217e-19
   1e+06    1e+04 2.746477962e-25 1.351383082e-18 1.361473961e-18
   1e+06 1.58e+04 2.848181263e-25 2.742003591e-18 2.769405716e-18
   1e+06 2.51e+04 2.908188945e-25 5.240114663e-18 5.310209159e-18
   1e+06 3.98e+04 2.866175597e-25 9.836332833e-18 1.001200457e-17
   1e+06 6.31e+04 1.270477411e-24 1.742638689e-17 1.782395958e-17
   1e+06    1e+05 7.327558736e-23  1.95601619e-17 2.159474296e-17
   1e+06 1.58e+05 1.092405663e-21 1.018057028e-15  1.09840056e-15
   1e+06 2.51e+05 7.052863826e-21 9.430673428e-15 1.038320861e-14
   1e+06 3.98e+05 2.508997259e-20 4.662425221e-14 5.267687455e-14
   1e+06 6.31e+05 5.824387774e-20 1.512226062e-13 1.760457486e-13
   1e+06    1e+06 9.922174133e-20 3.640620618e-13 4.379555061e-13
   1e+06 1.58e+06 1.343991804e-19 7.060653403e-13 8.786274126e-13
   1e+06 2.51e+06 1.528877522e-19 1.165632138e-12 1.498552723e-12
   1e+06 3.98e+06 1.520775821e-19 1.705179575e-12 2.256154647e-12
   1e+06 6.31e+06 1.370446857e-19 2.288828916e-12 3.097617907e-12
   1e+06    1e+07 1.157377849e-19 2.913902938e-12 4.002243091e-12
   1e+06 1.58e+07 9.426803604e-20 3.617994788e-12 5.000038246e-12
   1e+06 2.51e+07 7.542868615e-20 4.459329431e-12 6.148798922e-12
   1e+06 3.98e+07 5.977815181e-20 5.497215712e-12 7.506373671e-12
   1e+06 6.31e+07 4.703319403e-20 6.790087827e-12 9.126605997e-12
   1e+06    1e+08 3.675697274e-20 8.404433803e-12 1.107094998e-11
   1e+06 1.58e+08 2.854104587e-20 1.042412853e-11 1.342009937e-11
   1e+06 2.51e+08 2.202719318e-20 1.295835629e-11 1.628253247e-11
   1e+06 3.98e+08 1.690469271e-20 1.615034632e-11 1.980303655e-11
   1e+06 6.31e+08 1.290713495e-20 2.018872047e-11 2.417364349e-11
   1e+06    1e+09 9.809450925e-21 2.532271739e-11 2.964847155e-11
   1e+06 1.58e+09 7.424433059e-21 3.188270389e-11 3.656395675e-11
   1e+06 2.51e+09 5.598679149e-21  4.03078493e-11 4.536636428e-11
   1e+06 3.98e+09 4.208206519e-21 5.118350468e-11 5.664911229e-11
   1e+06 6.31e+09 3.154041169e-21 6.529173595e-11 7.120333973e-11
   1e+06    1e+10 2.358033623e-21 8.367969191e-11 9.008638316e-11
   1e+07   0.0001 1.273433048e-33 4.127931003e-34 1.986555658e-32
   1e+07 0.000158  4.01740959e-34 9.287844852e-34 6.155679259e-33
   1e+07 0.000251 1.140666302e-33  5.15991389e-34 1.471410945e-32
   1e+07 0.000398 1.599359432e-34 5.159914022e-34 7.984665368e-33
   1e+07 0.000631 4.036509994e-34  5.15991423e-34 4.218280767e-33
   1e+07    0.001  1.27343265e-34 5.159914561e-34 2.706045794e-33
   1e+07  0.00158 6.427852163e-34 5.159915086e-34 1.009127999e-33
   1e+07  0.00251 2.027849614e-34  3.09594955e-34 4.698121046e-33
   1e+07  0.00398 8.956401686e-34 3.095950341e-34 1.584259995e-33
   1e+07  0.00631 1.614600817e-34 3.095951594e-34 4.017414249e-33
   1e+07     0.01 1.833737291e-33 4.127938107e-34 1.173948187e-32
   1e+07   0.0158 2.571128143e-34 3.095956728e-34  1.26141315e-33
   1e+07   0.0251 4.866800906e-34 3.095961716e-34 2.499010448e-34
   1e+07   0.0398 6.141456252e-34 3.095969622e-34 1.782303676e-33
   1e+07   0.0631  1.29165521e-33 2.063988102e-34 8.003522025e-33
   1e+07      0.1               0 3.096002012e-34 1.741052289e-33
   1e+07    0.158 4.113601485e-34 5.160055812e-34 5.124618904e-33
   1e+07    0.251 5.190847229e-34 1.032027791e-34 2.499109365e-33
   1e+07    0.398 9.825108866e-34 5.160270726e-34 6.931615784e-33
   1e+07    0.631  2.06624133e-34 1.032095914e-34 2.158026856e-33
   1e+07        1 1.303543311e-34 4.128648461e-34 3.109511872e-34
   1e+07     1.58 3.289253823e-34 2.064534078e-34 3.573342908e-33
   1e+07     2.51 7.261492575e-34  5.16216669e-34 2.832142948e-33
   1e+07     3.98 6.541943994e-34               0 2.167488893e-33
   1e+07     6.31 4.949234489e-34 3.099344131e-34 1.104633748e-33
   1e+07       10               0 4.135107853e-34 8.759284913e-34
   1e+07     15.8 9.164618058e-34 2.069653631e-34 2.624938397e-33
   1e+07     25.1 3.293758626e-34 3.109474048e-34 1.103026202e-33
   1e+07     39.8 1.033899663e-33 4.156524139e-34 1.947403984e-33
   1e+07     63.1 1.294420022e-34 5.216592935e-34 4.648435108e-34
   1e+07      100 3.226719138e-34  2.09993035e-34 1.235759013e-34
   1e+07      158   6.9899742e-34  3.18157015e-34 5.935161479e-34
   1e+07      251  3.67012927e-34  1.07731571e-34 9.556659196e-34
   1e+07      398 4.428595689e-34 6.624420968e-34  1.55252996e-33
   1e+07      631 8.717453167e-34 2.293596728e-34 1.597852594e-33
   1e+07    1e+03  4.00234863e-34 4.860917873e-34 1.610858349e-33
   1e+07 1.58e+03 2.217439347e-34 9.275546153e-34 1.083365614e-33
   1e+07 2.51e+03               0 6.005117336e-34 5.564218686e-34
   1e+07 3.98e+03 2.421847974e-34 1.781406141e-34 2.751440353e-33
   1e+07 6.31e+03 6.005293827e-34 2.437940135e-33 1.942428671e-33
   1e+07    1e+04 3.488039717e-34 3.007973449e-33 2.262931883e-33
   1e+07 1.58e+04 1.218999432e-33  1.74253536e-32  1.06534467e-32
   1e+07 2.51e+04 3.141398726e-33 2.679174896e-29 2.726406551e-29
   1e+07 3.98e+04  5.10792636e-30 4.707410033e-26 4.760428093e-26
   1e+07 6.31e+04 5.599675178e-28  9.00310419e-23 9.221335703e-23
   1e+07    1e+05 2.427934358e-25 1.968068957e-21 1.982190973e-21
   1e+07 1.58e+05 1.606635312e-24 1.374920722e-19 1.437049807e-19
   1e+07 2.51e+05 2.275241304e-24 6.943938395e-19 7.329017665e-19
   1e+07 3.98e+05 2.330517956e-24 1.562997504e-18 1.672591937e-18
   1e+07 6.31e+05 2.278065348e-24 2.896396581e-18 3.150728322e-18
   1e+07    1e+06 2.173327976e-24 5.103012008e-18 5.653750422e-18
   1e+07 1.58e+06 1.975388998e-24 8.727930238e-18 9.858611399e-18
   1e+07 2.51e+06 3.722562493e-24 1.411004537e-17 1.618971448e-17
   1e+07 3.98e+06 1.611346849e-22 4.952522886e-18 3.040092444e-18
   1e+07 6.31e+06  1.79529963e-21 2.642751677e-16 3.635570793e-16
   1e+07    1e+07  9.74377705e-21 2.344495066e-15 3.239047936e-15
   1e+07 1.58e+07 3.158002437e-20 1.141967567e-14 1.590512998e-14
   1e+07 2.51e+07 7.039461452e-20 3.809156835e-14 5.313035951e-14
   1e+07 3.98e+07 1.192612783e-19 9.709568175e-14 1.346428051e-13
   1e+07 6.31e+07 1.647912369e-19 2.032462586e-13 2.784400803e-13
   1e+07    1e+08 1.952045674e-19 3.671717137e-13 4.945209241e-13
   1e+07 1.58e+08  2.05339852e-19 5.926851376e-13 7.821366849e-13
   1e+07 2.51e+08 1.966869432e-19 8.760791535e-13  1.13053335e-12
   1e+07 3.98e+08 1.747358946e-19 1.207262527e-12 1.522178175e-12
   1e+07 6.31e+08 1.460820346e-19  1.57299288e-12 1.937986461e-12
   1e+07    1e+09 1.163990931e-19 1.962042822e-12 2.363840489e-12
   1e+07 1.58e+09 8.947240389e-20 2.370778302e-12 2.796464866e-12
   1e+07 2.51e+09 6.711237945e-20  2.80666594e-12 3.246114648e-12
   1e+07 3.98e+09  4.96195476e-20 3.287994518e-12 3.734822725e-12
   1e+07 6.31e+09 3.643518337e-20 3.840447513e-12 4.291606027e-12
   1e+07    1e+10 2.669403883e-20 4.493269011e-12 4.947943548e-12
   1e+08   0.0001 1.273433091e-33 2.986214278e-34 1.273433093e-32
   1e+08 0.000158 1.928356706e-33 2.488511899e-33 3.229208705e-32
   1e+08 0.000251 7.097479814e-34 1.592647616e-33 3.998399138e-33
   1e+08 0.000398  1.53538526e-33 7.963238086e-34 2.370051307e-32
   1e+08 0.000631 4.843813021e-34 2.986214286e-34 5.021762282e-34
   1e+08    0.001  2.75061545e-33 5.972428584e-34 2.499112458e-32
   1e+08  0.00158  6.42785559e-34 1.791728581e-33  1.33709424e-32
   1e+08  0.00251 3.244562123e-34 9.954047721e-35 1.999199595e-33
   1e+08  0.00398 3.070770405e-34  1.99080956e-34 9.347127672e-33
   1e+08  0.00631 1.420851735e-33  7.96323834e-34 7.281555546e-33
   1e+08     0.01 1.466994768e-33 5.972428873e-34 1.571894063e-32
   1e+08   0.0158  3.08537022e-34 2.986214531e-34 5.045639056e-33
   1e+08   0.0251               0 1.194485872e-33 3.248699764e-33
   1e+08   0.0398 1.637743599e-34               0 8.911458302e-34
   1e+08   0.0631 1.343349929e-33 5.972430581e-34 1.537915251e-32
   1e+08      0.1 1.173594703e-33 7.963242357e-34 1.168972456e-32
   1e+08    0.158 1.480975484e-33 3.981622432e-34 7.588174333e-33
   1e+08    0.251 4.153028657e-34 2.986218315e-34  4.99800613e-33
   1e+08    0.398 1.310189942e-33 1.194488271e-33 5.322131889e-33
   1e+08    0.631 1.818678273e-33 9.954081404e-35 1.176979798e-32
   1e+08        1 5.215927093e-34 9.954101183e-35 1.243594151e-33
   1e+08     1.58 1.316402906e-34 5.972479519e-34 2.217341846e-33
   1e+08     2.51 1.328937576e-33 5.972509329e-34 8.883290373e-33
   1e+08     3.98 5.240562311e-34 9.954260958e-35 5.105638631e-33
   1e+08     6.31 5.290384509e-34 1.194526291e-33 4.291212225e-33
   1e+08       10 8.344693581e-34 9.954583552e-35 3.497789462e-33
   1e+08     15.8 3.158893151e-34 9.954897036e-35 1.693941653e-33
   1e+08     25.1 7.971730395e-34 2.986618163e-34 3.295054982e-33
   1e+08     39.8  3.35269675e-34 2.986854397e-34 1.547481812e-33
   1e+08     63.1 1.057445533e-34 7.965943485e-34 9.198455803e-34
   1e+08      100 6.669444264e-34 3.983762958e-34  1.82270765e-33
   1e+08      158 1.009332439e-33 1.992508495e-34 2.311814077e-33
   1e+08      251   1.0603782e-34  9.96751148e-35 1.527470457e-34
   1e+08      398 1.336050117e-34 2.992616231e-34 1.817189594e-33
   1e+08      631 1.681886569e-34 1.997574303e-34               0
   1e+08    1e+03 5.285666931e-34 4.003064501e-34 1.679458105e-33
   1e+08 1.58e+03 5.303893717e-34 4.015614118e-34 1.942306394e-33
   1e+08 2.51e+03 3.314945293e-34 4.035513186e-34 5.802446897e-34
   1e+08 3.98e+03 4.121749848e-34 9.150915456e-34 3.091027911e-34
   1e+08 6.31e+03 7.625501603e-34 6.175719752e-34 2.109447412e-33
   1e+08    1e+04 4.646338901e-34 1.049156948e-34 7.025263612e-34
   1e+08 1.58e+04 3.710017041e-34 4.322852324e-34 3.283668036e-34
   1e+08 2.51e+04 1.084861135e-34               0 6.828954983e-34
   1e+08 3.98e+04 1.231024497e-34 2.420804538e-34 1.746328377e-33
   1e+08 6.31e+04  1.34842866e-34 9.353405386e-34 1.026171311e-34
   1e+08    1e+05 2.848267531e-34 6.131942347e-34 5.660794029e-34
   1e+08 1.58e+05 8.735560757e-34 2.750541021e-33 2.726585453e-33
   1e+08 2.51e+05  1.45257727e-34 3.071094243e-33 2.558081589e-33
   1e+08 3.98e+05 2.856405077e-34 4.476479191e-33 9.461639187e-33
   1e+08 6.31e+05 4.188075159e-34 3.585337084e-32 3.321922695e-32
   1e+08    1e+06 3.700569213e-32 6.888516792e-29 7.754930697e-29
   1e+08 1.58e+06 3.724391259e-29 4.050439899e-26 4.337041279e-26
   1e+08 2.51e+06 3.925563088e-27 3.395994549e-23 3.945432852e-23
   1e+08 3.98e+06 4.578855363e-25 1.655342986e-21 1.858420621e-21
   1e+08 6.31e+06 4.630987584e-24 2.539596933e-20 3.144079067e-20
   1e+08    1e+07 8.546656203e-24 2.277691777e-19 2.769792427e-19
   1e+08 1.58e+07 8.557790872e-24 6.053587684e-19 7.358670933e-19
   1e+08 2.51e+07 7.433465219e-24 1.080614491e-18 1.311372314e-18
   1e+08 3.98e+07 6.241121448e-24 1.693787361e-18 2.044762626e-18
   1e+08 6.31e+07  5.13966432e-24 2.541405492e-18 3.041760046e-18
   1e+08    1e+08 4.165781913e-24  3.73603085e-18 4.422078655e-18
   1e+08 1.58e+08 3.310872636e-24 5.415211302e-18 6.328281173e-18
   1e+08 2.51e+08 1.934833572e-24 7.732650645e-18 8.910567778e-18
   1e+08 3.98e+08 9.213680611e-24 1.022549841e-17 1.153186226e-17
   1e+08 6.31e+08 9.820066302e-23 4.407216541e-18 3.763544997e-18
   1e+08    1e+09 5.438560355e-22 7.292675609e-17 8.969598909e-17
   1e+08 1.58e+09 2.021368308e-21 5.152417332e-16  6.09498075e-16
   1e+08 2.51e+09 5.503848717e-21 2.263483382e-15 2.620723579e-15
   1e+08 3.98e+09 1.168424795e-20 7.548467336e-15  8.58669504e-15
   1e+08 6.31e+09 2.029868312e-20 2.049451256e-14 2.295158795e-14
   1e+08    1e+10  2.99767152e-20  4.72965086e-14 5.223059766e-14
   1e+09   0.0001 1.136995973e-33               0 3.268755627e-34
   1e+09 0.000158 7.579973151e-34 1.197943305e-34 1.368457151e-34
   1e+09 0.000251 3.221488589e-33               0 1.718704475e-34
   1e+09 0.000398 2.084492616e-33               0 2.158595225e-34
   1e+09 0.000631  1.51599463e-33               0 4.066609544e-34
   1e+09    0.001 3.789986575e-34 1.889627816e-34 1.702476889e-34
   1e+09  0.00158 3.789986575e-34 1.497429131e-34 1.069107149e-34
   1e+09  0.00251 1.894993288e-33 1.186632618e-34 2.685475742e-34
   1e+09  0.00398 1.136995973e-33               0  1.68640252e-34
   1e+09  0.00631 4.168985233e-33 1.490343186e-34               0
   1e+09     0.01 3.789986575e-34 1.181017385e-34  1.33006007e-34
   1e+09   0.0158 3.410987918e-33 1.871786414e-34 1.670479921e-34
   1e+09   0.0251 9.474966438e-34               0 3.147041886e-34
   1e+09   0.0398               0 1.175428724e-34 2.635003937e-34
   1e+09   0.0631  1.51599463e-33 1.862928983e-34 3.309415319e-34
   1e+09      0.1 2.463491273e-33 1.476271732e-34 2.078218859e-34
   1e+09    0.158 5.684979858e-34               0 2.610124878e-34
   1e+09    0.251 2.084492611e-33               0 1.639084319e-34
   1e+09    0.398 1.705493949e-33 1.469285913e-34 2.058596836e-34
   1e+09    0.631 7.579973035e-34 2.328661261e-34 2.585480748e-34
   1e+09        1 7.579972859e-34               0 1.623608531e-34
   1e+09     1.58 9.474965523e-34 1.462333268e-34 2.039160211e-34
   1e+09     2.51 9.474964139e-34 1.158821179e-34 2.561069721e-34
   1e+09     3.98 4.547981118e-33               0 6.433118098e-34
   1e+09     6.31 4.168978849e-33 1.455415349e-34 1.009954595e-34
   1e+09       10   1.3264902e-33 1.153341434e-34  2.53689576e-34
   1e+09     15.8 1.515979984e-33 1.827932916e-34 1.593105635e-34
   1e+09     25.1 2.273936763e-33 1.448558982e-34 1.000436347e-34
   1e+09     39.8 1.136926671e-33 1.147944975e-34 1.256526699e-34
   1e+09     63.1  7.57881279e-34               0 3.156476057e-34
   1e+09      100 3.030823786e-33               0  2.97379514e-34
   1e+09      158  7.57266067e-34               0               0
   1e+09      251 7.561645056e-34 1.814756427e-34 1.566064258e-34
   1e+09      398 1.883546369e-33 1.442990451e-34 9.861935904e-35
   1e+09      631 3.733253385e-34 1.153158675e-34 2.494362808e-34
   1e+09    1e+03 3.652113904e-33               0               0
   1e+09 1.58e+03               0               0 5.194999867e-34
   1e+09 2.51e+03 1.554766298e-33 1.357691423e-34 2.819180865e-34
   1e+09 3.98e+03 7.630647508e-34 1.285011997e-34 2.004023631e-34
   1e+09 6.31e+03 9.395623096e-34               0   4.3094526e-34
   1e+09    1e+04 7.701473657e-34               0 1.516338349e-33
   1e+09 1.58e+04 1.173679945e-33 1.238522629e-34 3.092021336e-33
   1e+09 2.51e+04 4.286685444e-34 3.876811618e-34 1.333474517e-33
   1e+09 3.98e+04 1.356154113e-34  1.25921881e-34               0
   1e+09 6.31e+04 8.533496577e-34  1.43401505e-34 1.476065092e-33
   1e+09    1e+05 4.276960236e-34 3.047716212e-34 2.394015539e-34
   1e+09 1.58e+05  1.06641246e-33 1.572611996e-34 1.737926626e-33
   1e+09 2.51e+05 9.902341091e-34               0  9.36789255e-34
   1e+09 3.98e+05 3.034877609e-34 4.944454529e-34 2.544430349e-34
   1e+09 6.31e+05 1.467909255e-33 5.107261775e-34 1.050031438e-33
   1e+09    1e+06 2.905341106e-34 3.564457156e-34 1.765349567e-34
   1e+09 1.58e+06 1.350168361e-33 1.899978457e-34 2.279806477e-33
   1e+09 2.51e+06 3.829021602e-34 1.242106605e-33 2.692072081e-34
   1e+09 3.98e+06 1.061392788e-34 3.462737116e-34 1.227834541e-34
   1e+09 6.31e+06  5.77508922e-34 3.944430406e-34 1.264889344e-33
   1e+09    1e+07 2.481536048e-34 5.328718177e-33 2.963124992e-33
   1e+09 1.58e+07 7.940251301e-34 3.027662766e-33  7.40210285e-33
   1e+09 2.51e+07 9.853928879e-34 3.348723423e-33 2.142515449e-33
   1e+09 3.98e+07 5.990750563e-34 1.723349215e-33 4.804693884e-33
   1e+09 6.31e+07 2.394209099e-33  8.95580687e-32 1.616710531e-31
   1e+09    1e+08 7.280297484e-32 6.863587734e-29 8.321465267e-29
   1e+09 1.58e+08 8.991563058e-30 7.728768529e-27  8.59414646e-27
   1e+09 2.51e+08 7.518489678e-28 3.640832795e-25 4.661696742e-25
   1e+09 3.98e+08 2.743143764e-27 5.658616456e-23 6.446914885e-23
   1e+09 6.31e+08 2.454828825e-25 8.058992252e-22 8.733871328e-22
   1e+09    1e+09  1.81537144e-24  2.12688455e-21 2.655051147e-21
   1e+09 1.58e+09 4.108248483e-24 4.448344346e-20 4.959785757e-20
   1e+09 2.51e+09 4.850601355e-24  1.69626469e-19 1.851039827e-19
   1e+09 3.98e+09  4.25468603e-24 3.701861517e-19 3.986068259e-19
   1e+09 6.31e+09 3.382058966e-24 6.232714817e-19 6.642288172e-19
   1e+09    1e+10 2.620069219e-24  9.34765516e-19 9.876112514e-19
   1e+10   0.0001               0               0 1.369828816e-34
   1e+10 0.000158 9.064498734e-34 1.723580416e-34 1.720427208e-34
   1e+10 0.000251 1.631609772e-33               0  4.32151776e-34
   1e+10 0.000398               0 1.082359565e-34 1.356895228e-34
   1e+10 0.000631 3.625799494e-34               0 1.704183356e-34
   1e+10    0.001 9.064498734e-34 1.359382153e-34 1.070178762e-34
   1e+10  0.00158 3.625799494e-34  1.07723776e-34               0
   1e+10  0.00251 3.625799494e-34               0               0
   1e+10  0.00398 3.625799494e-34               0               0
   1e+10  0.00631 1.812899747e-34 2.144280383e-34 1.331393247e-34
   1e+10     0.01               0               0               0
   1e+10   0.0158 1.812899747e-33   1.3465472e-34 3.150196303e-34
   1e+10   0.0251 3.625799494e-34               0 1.318822558e-34
   1e+10   0.0398 3.625799494e-34               0 1.656366245e-34
   1e+10   0.0631 1.812899747e-34               0 1.040150974e-34
   1e+10      0.1 3.625799494e-34               0 2.612741119e-34
   1e+10    0.158 7.251598987e-34               0               0
   1e+10    0.251 1.812899747e-34 1.333833432e-34 1.030330124e-34
   1e+10    0.398               0               0 2.588072258e-34
   1e+10    0.631 1.812899747e-34               0               0
   1e+10        1               0 1.327521634e-34               0
   1e+10     1.58 1.812899747e-34     1.05199e-34 1.281818157e-34
   1e+10     2.51 3.625799494e-34               0 1.609890818e-34
   1e+10     3.98 1.087739848e-33               0 1.010965726e-34
   1e+10     6.31 1.087739848e-33 1.047011906e-34 2.539431089e-34
   1e+10       10 7.251598987e-34 1.659402042e-34 1.594690624e-34
   1e+10     15.8 3.625799494e-34               0               0
   1e+10     25.1               0               0               0
   1e+10     39.8 1.812899747e-34               0 1.579633947e-34
   1e+10     63.1               0 1.308764882e-34               0
   1e+10      100 3.625799494e-34 1.037126276e-34  1.24585205e-34
   1e+10      158 3.625799494e-34 1.643734375e-34 3.129438861e-34
   1e+10      251               0               0 9.825993765e-35
   1e+10      398               0               0               0
   1e+10      631 3.625799494e-34 1.635956103e-34 1.549945733e-34
   1e+10    1e+03               0 1.296407846e-34 9.733219142e-35
   1e+10 1.58e+03 3.625799493e-34 2.054667969e-34 1.222437055e-34
   1e+10 2.51e+03 1.812899746e-34               0               0
   1e+10 3.98e+03  3.62579949e-34 1.290273149e-34 2.892396144e-34
   1e+10 6.31e+03 5.438699228e-34 2.044945131e-34 2.421790211e-34
   1e+10    1e+04               0               0 1.520815495e-34
   1e+10 1.58e+04 1.812899721e-34 2.568334981e-34 1.910057912e-34
   1e+10 2.51e+04 3.625799361e-34 2.035268337e-34 1.199462152e-34
   1e+10 3.98e+04 3.625799161e-34 1.612841514e-34 3.012912789e-34
   1e+10 6.31e+04 7.251597318e-34 1.278090861e-34 1.892023822e-34
   1e+10    1e+05 9.064493492e-34               0 2.376274904e-34
   1e+10 1.58e+05 3.625794226e-34               0 1.492233836e-34
   1e+10 2.51e+05 1.087735879e-33               0               0
   1e+10 3.98e+05 1.812883129e-34 1.008030793e-34 1.176924493e-34
   1e+10 6.31e+05 3.625716011e-34 1.597632873e-34               0
   1e+10    1e+06               0               0  1.85651886e-34
   1e+10 1.58e+06 3.625272841e-34 2.006666132e-34               0
   1e+10 2.51e+06               0               0 1.464458988e-34
   1e+10 3.98e+06  5.43372004e-34               0  1.83979303e-34
   1e+10 6.31e+06               0               0  1.15614978e-34
   1e+10    1e+07  1.80249631e-34               0               0
   1e+10 1.58e+07 1.072243058e-33 1.263599702e-34 5.504580264e-34
   1e+10 2.51e+07 6.999440692e-34               0  1.16443826e-34
   1e+10 3.98e+07               0 1.645714282e-34 1.498375256e-34
   1e+10 6.31e+07 5.973353594e-34               0 1.977853678e-34
   1e+10    1e+08 4.855174408e-34 2.371447383e-34 1.345582105e-34
   1e+10 1.58e+08 5.256098606e-34               0 3.658159927e-34
   1e+10 2.51e+08 5.722485008e-34               0 6.931499619e-34
   1e+10 3.98e+08 7.019727437e-34 4.680345491e-34 6.441420313e-34
   1e+10 6.31e+08 6.646970681e-34 1.478054174e-34 1.801072432e-33
   1e+10    1e+09               0               0  1.68620732e-33
   1e+10 1.58e+09 2.745687074e-33 2.001140612e-34  3.40007542e-33
   1e+10 2.51e+09 2.478034657e-33 4.210905484e-33 4.061884084e-33
   1e+10 3.98e+09 6.925159686e-34 8.030205328e-33 1.253147585e-33
   1e+10 6.31e+09 1.383180798e-33 3.993878648e-33   5.5168164e-33
   1e+10    1e+10 1.695354149e-34 1.357019713e-33 4.280894713e-33
   1e+11   0.0001 1.384022662e-33 1.099224405e-34 4.053211917e-34
   1e+11 0.000158  8.30413597e-34               0 3.393736006e-34
   1e+11 0.000251 1.107218129e-33               0 3.196754785e-34
   1e+11 0.000398 2.768045323e-34               0 2.676628323e-34
   1e+11 0.000631 1.107218129e-33               0 1.680846592e-34
   1e+11    0.001 4.152067985e-34               0 2.111047874e-34
   1e+11  0.00158 1.384022662e-34               0 1.325678127e-34
   1e+11  0.00251 5.536090647e-34               0               0
   1e+11  0.00398 1.245620396e-33 1.367528492e-34 2.091115877e-34
   1e+11  0.00631               0 1.083693299e-34               0
   1e+11     0.01               0               0               0
   1e+11   0.0158  1.79922946e-33               0 5.178430186e-34
   1e+11   0.0251 9.688158632e-34 2.157130365e-34 2.601525704e-34
   1e+11   0.0398 1.384022662e-33 1.709410615e-34 4.901052838e-34
   1e+11   0.0631 1.107218129e-33               0 3.077722031e-34
   1e+11      0.1 1.384022662e-33 1.073461333e-34 3.865444104e-34
   1e+11    0.158 1.384022662e-33 1.701321559e-34 1.618259433e-34
   1e+11    0.251  8.30413597e-34               0 2.032441956e-34
   1e+11    0.398 1.384022662e-33 1.068381635e-34 2.552631686e-34
   1e+11    0.631 9.688158632e-34               0 1.602980224e-34
   1e+11        1 9.688158632e-34 1.341826666e-34 2.013252138e-34
   1e+11     1.58 9.688158632e-34 1.063325974e-34 3.792795546e-34
   1e+11     2.51 1.384022662e-33 1.685258098e-34 4.763535835e-34
   1e+11     3.98 5.536090647e-34 1.335477043e-34 9.971217525e-35
   1e+11     6.31 1.107218129e-33 2.116588475e-34   1.2523283e-34
   1e+11       10  8.30413597e-34               0 3.145706465e-34
   1e+11     15.8 1.522424928e-33               0  2.96312152e-34
   1e+11     25.1  8.30413597e-34 1.053286311e-34 2.481008247e-34
   1e+11     39.8 9.688158632e-34               0 1.558002738e-34
   1e+11     63.1 1.384022662e-33 1.322867797e-34 2.935144454e-34
   1e+11      100 5.536090647e-34               0 1.228791588e-34
   1e+11      158 1.107218129e-33 1.661446835e-34 4.629877376e-34
   1e+11      251 2.214436259e-33 1.316607889e-34 4.845719233e-34
   1e+11      398 1.245620396e-33  1.04334144e-34 2.434379278e-34
   1e+11      631 1.107218129e-33               0  1.52872107e-34
   1e+11    1e+03 2.768045323e-34 1.310377603e-34 1.919986856e-34
   1e+11 1.58e+03 1.107218129e-33 1.038404272e-34 2.411394466e-34
   1e+11 2.51e+03 1.384022662e-33 1.645759861e-34 3.028574521e-34
   1e+11 3.98e+03 1.937631726e-33               0 3.803717623e-34
   1e+11 6.31e+03 5.536090647e-34               0 1.194313336e-34
   1e+11    1e+04 1.522424928e-33               0 4.499969194e-34
   1e+11 1.58e+04 1.107218129e-33               0 3.767803854e-34
   1e+11 2.51e+04 1.245620396e-33               0 3.549110766e-34
   1e+11 3.98e+04 4.152067985e-34               0 2.971654393e-34
   1e+11 6.31e+04 1.522424928e-33 1.291863083e-34 5.598343761e-34
   1e+11    1e+05 1.384022662e-33               0 3.515600933e-34
   1e+11 1.58e+05 2.768045323e-34 1.622506674e-34               0
   1e+11 2.51e+05 9.688158632e-34 3.857249674e-34 3.696990382e-34
   1e+11 3.98e+05  8.30413597e-34               0 3.482407491e-34
   1e+11 6.31e+05 1.660827194e-33 1.614828853e-34 4.373706063e-34
   1e+11    1e+06 1.107218129e-33 1.279665628e-34 5.493126458e-34
   1e+11 1.58e+06 5.536090646e-34               0 2.299684969e-34
   1e+11 2.51e+06 5.536090645e-34 1.607187365e-34 1.444136868e-34
   1e+11 3.98e+06 9.688158624e-34               0 1.813753902e-34
   1e+11 6.31e+06 1.107218127e-33 1.009268034e-34 4.555943821e-34
   1e+11    1e+07 8.304135928e-34               0 2.861003371e-34
   1e+11 1.58e+07 1.660827173e-33 2.535166695e-34 5.389886682e-34
   1e+11 2.51e+07 4.152067851e-34 1.004492119e-34 2.256463892e-34
   1e+11 3.98e+07               0  1.59201276e-34               0
   1e+11 6.31e+07  2.76804476e-34               0 1.779665734e-34
   1e+11    1e+08 1.384021954e-33 9.997390279e-35 3.352739174e-34
   1e+11 1.58e+08 2.768041767e-34 3.168960385e-34 2.807234432e-34
   1e+11 2.51e+08  2.76803639e-34               0 1.762865233e-34
   1e+11 3.98e+08 1.384011442e-34 1.990023941e-34               0
   1e+11 6.31e+08 1.107195583e-33               0 5.561511486e-34
   1e+11    1e+09 2.767903746e-34               0               0
   1e+11 1.58e+09 2.767689733e-34               0 1.096645695e-34
   1e+11 2.51e+09  1.24521856e-33               0 2.754916908e-34
   1e+11 3.98e+09  2.21264301e-33 1.244264008e-34 5.191293727e-34
   1e+11 6.31e+09   4.1436361e-34               0  2.17465152e-34
   1e+11    1e+10 2.753983608e-34 1.566071062e-34 1.367706327e-34
