   1e+04   0.0001 1.397495263e-33 1.762711794e-33 1.783788912e-33
   1e+04 0.000158 1.174923503e-33 3.111670203e-34 2.222020329e-33
   1e+04 0.000251 3.702858192e-34 1.037752999e-34  1.76173152e-33
   1e+04 0.000398 2.021570777e-33 2.077185052e-34 5.588830249e-33
   1e+04 0.000631  9.78675274e-34 4.159694067e-34 2.418831964e-33
   1e+04    0.001 3.690136198e-34 6.252204419e-34 9.603426865e-34
   1e+04  0.00158 1.079684781e-33 2.090763514e-34 2.672128201e-33
   1e+04  0.00251 2.312550236e-33 6.304165037e-34 3.851172927e-33
   1e+04  0.00398 1.077488239e-33 8.473042893e-34 6.476532284e-34
   1e+04  0.00631 1.474934081e-34 4.290166237e-34 9.095264643e-34
   1e+04     0.01 7.176943814e-34 4.375582622e-34 1.785245959e-33
   1e+04   0.0158 7.501144132e-34 9.023790246e-34 8.581087905e-34
   1e+04   0.0251 6.241327324e-34 1.892028557e-33 1.425775709e-34
   1e+04   0.0398 1.407857697e-33 8.890687165e-34 1.334884644e-33
   1e+04   0.0631 1.222917409e-33 2.116485444e-33 5.341683968e-34
   1e+04      0.1 1.275818787e-33 3.437570821e-33 1.866124981e-33
   1e+04    0.158 6.414310078e-34 6.680246874e-33 1.137770406e-33
   1e+04    0.251 1.252477094e-33 2.795481612e-33 1.206511671e-32
   1e+04    0.398 1.347624927e-33 1.287436298e-32 4.692797594e-33
   1e+04    0.631  5.65497629e-34 7.049954143e-33 1.567505451e-32
   1e+04        1               0 4.634670818e-32 3.487437969e-32
   1e+04     1.58 4.944675867e-34 5.396436567e-32 1.615864854e-32
   1e+04     2.51  8.05553859e-34 6.724151188e-32 2.601609413e-31
   1e+04     3.98 1.069943874e-33 1.571834059e-29 1.543002109e-29
   1e+04     6.31 1.192906557e-33 2.737742161e-28 2.726169657e-28
   1e+04       10 1.846538161e-34 8.370340504e-28 8.364631751e-28
   1e+04     15.8 2.057585849e-33  1.74860178e-27 1.747945383e-27
   1e+04     25.1 1.273628739e-33  3.41922523e-27 3.415587697e-27
   1e+04     39.8 2.956248776e-34 6.563221342e-27 6.560672854e-27
   1e+04     63.1 8.234120412e-34 1.250493601e-26 1.249572104e-26
   1e+04      100 1.019338025e-33 2.343620624e-26  2.34233867e-26
   1e+04      158 2.721037417e-33 4.697455536e-26   4.6906783e-26
   1e+04      251 3.063789839e-31 3.548212585e-23 3.552610637e-23
   1e+04      398 2.556214102e-28 4.079213068e-20 4.086027536e-20
   1e+04      631  3.36591287e-26 7.396686264e-18 7.413367224e-18
   1e+04    1e+03  1.13965455e-24 3.442759994e-16 3.453247843e-16
   1e+04 1.58e+03 1.427185203e-23 5.944293148e-15 5.968712279e-15
   1e+04 2.51e+03 8.637847962e-23 4.990785345e-14 5.018341607e-14
   1e+04 3.98e+03 3.068782703e-22 2.480943198e-13 2.499271513e-13
   1e+04 6.31e+03 7.359944944e-22  8.41750658e-13 8.500240942e-13
   1e+04    1e+04 1.315106729e-21 2.156566942e-12 2.184577996e-12
   1e+04 1.58e+04 1.874695363e-21 4.478821894e-12  4.55510296e-12
   1e+04 2.51e+04 2.246882222e-21 7.966303484e-12 8.142682729e-12
   1e+04 3.98e+04 2.386564431e-21 1.281850934e-11 1.318407632e-11
   1e+04 6.31e+04 2.374811717e-21 1.975526274e-11 2.047412475e-11
   1e+04    1e+05 2.307544293e-21 3.041232799e-11 3.181110051e-11
   1e+04 1.58e+05 2.225179935e-21 4.750533615e-11 5.024120652e-11
   1e+04 2.51e+05  2.13219074e-21 7.526994183e-11 8.064546895e-11
   1e+04 3.98e+05 2.025686469e-21 1.204122892e-10 1.309624509e-10
   1e+04 6.31e+05  1.90341571e-21 1.934406722e-10 2.139711261e-10
   1e+04    1e+06 1.764866695e-21 3.104010104e-10 3.496863196e-10
   1e+04 1.58e+06 1.611593041e-21 4.950990908e-10  5.68396558e-10
   1e+04 2.51e+06 1.447213539e-21 7.818899458e-10 9.142163395e-10
   1e+04 3.98e+06  1.27698173e-21 1.219201355e-09 1.448961433e-09
   1e+04 6.31e+06 1.106978586e-21 1.874133616e-09 2.256344624e-09
   1e+04    1e+07 9.431540469e-22 2.838698102e-09  3.44700304e-09
   1e+04 1.58e+07 7.904998002e-22 4.238472811e-09 5.165542315e-09
   1e+04 2.51e+07 6.525499952e-22 6.244657697e-09 7.601274875e-09
   1e+04 3.98e+07 5.312529433e-22 9.090758742e-09 1.100444419e-08
   1e+04 6.31e+07 4.271324505e-22 1.309549576e-08 1.570965178e-08
   1e+04    1e+08 3.396081418e-22 1.869408172e-08 2.216834896e-08
   1e+04 1.58e+08 2.673575813e-22 2.648081332e-08 3.099290659e-08
   1e+04 2.51e+08  2.08643961e-22 3.726700381e-08 4.301596913e-08
   1e+04 3.98e+08 1.615739006e-22 5.215976736e-08 5.937046565e-08
   1e+04 6.31e+08 1.242785074e-22 7.266916463e-08 8.159779949e-08
   1e+04    1e+09 9.502643161e-23 1.008539278e-07 1.117945207e-07
   1e+04 1.58e+09 7.228372721e-23 1.395196607e-07 1.528114774e-07
   1e+04 2.51e+09 5.473585383e-23 1.924884037e-07 2.085244245e-07
   1e+04 3.98e+09 4.128503695e-23 2.649652461e-07 2.842018416e-07
   1e+04 6.31e+09 3.103322289e-23 3.640368961e-07 3.870049248e-07
   1e+04    1e+10 2.325794387e-23 4.993496694e-07 5.266672616e-07
   1e+05   0.0001 1.243543663e-34 2.072593749e-34 3.565674799e-33
   1e+05 0.000158 1.412292625e-33 5.181537186e-34 9.889724812e-33
   1e+05 0.000251 4.950375654e-34 4.145296711e-34 5.118174939e-33
   1e+05 0.000398 6.246631931e-34 1.243620852e-33 1.267495049e-33
   1e+05 0.000631 3.152830816e-34 1.036392761e-34 2.109372082e-33
   1e+05    0.001 2.983568996e-34 4.145837638e-34 2.706516942e-33
   1e+05  0.00158 2.509495027e-34 9.329085378e-34   1.5141097e-33
   1e+05  0.00251 4.748619842e-34 1.036732465e-34 4.100153372e-33
   1e+05  0.00398 9.982149556e-35 5.184989151e-34 2.378037298e-33
   1e+05  0.00631 8.810497315e-34  7.26192914e-34 1.633867717e-33
   1e+05     0.01 7.931324269e-34 4.152340767e-34 2.890151384e-33
   1e+05   0.0158 3.995353283e-34  1.03914218e-33 2.846014503e-33
   1e+05   0.0251 8.794925031e-34 1.040818072e-34 3.262930762e-33
   1e+05   0.0398 7.887518389e-34  2.08695176e-34 2.492597734e-33
   1e+05   0.0631 8.887168292e-34  1.04769246e-34 1.586586377e-33
   1e+05      0.1 6.153484949e-34 2.108771644e-34 1.012254362e-33
   1e+05    0.158 6.093223946e-34 4.260080355e-34 4.051242433e-34
   1e+05    0.251 5.597936521e-34 2.163875587e-34 4.892090727e-34
   1e+05    0.398 3.376641959e-34 2.217806151e-34 7.946696223e-34
   1e+05    0.631 7.973339325e-34 9.215965718e-34 1.090344963e-34
   1e+05        1 3.049008117e-34 3.663238808e-34 1.831719828e-34
   1e+05     1.58 1.687958343e-34 1.465361063e-33 1.108506437e-33
   1e+05     2.51 8.982124511e-34 7.553559265e-34  2.98857405e-33
   1e+05     3.98 1.838657654e-34 1.256877396e-33 3.619088188e-33
   1e+05     6.31 3.639620779e-34 5.151439976e-33 1.590023996e-33
   1e+05       10 3.513297804e-34 8.718277458e-34 3.133610191e-33
   1e+05     15.8 6.671890382e-34 6.373553204e-33 1.836994931e-32
   1e+05     25.1 3.136315124e-34 1.064864256e-32 3.701325316e-32
   1e+05     39.8  2.93201945e-34  2.59819733e-32 9.717157453e-32
   1e+05     63.1 1.229610585e-33  1.36808722e-32 6.090097733e-32
   1e+05      100 2.542177384e-34 4.986858874e-31 6.005146438e-31
   1e+05      158 1.063356796e-33 9.751251889e-29 9.746365295e-29
   1e+05      251  1.09774548e-33 5.224779078e-28 5.222321253e-28
   1e+05      398 8.157803618e-34 1.226247114e-27 1.226672723e-27
   1e+05      631 1.136662072e-33 2.444895939e-27 2.444769961e-27
   1e+05    1e+03 1.231908541e-33 4.724062059e-27  4.73282038e-27
   1e+05 1.58e+03               0 8.990456748e-27 9.010086678e-27
   1e+05 2.51e+03 1.519657497e-34  1.70350232e-26 1.708536521e-26
   1e+05 3.98e+03 2.825738752e-34  3.19029441e-26 3.203384898e-26
   1e+05 6.31e+03 3.719399207e-32 4.302145163e-25 4.344591657e-25
   1e+05    1e+04 9.843266409e-29 1.347682729e-21 1.366709413e-21
   1e+05 1.58e+04 3.026322193e-26 5.745452838e-19 5.854021647e-19
   1e+05 2.51e+04 1.908315786e-24 5.003583822e-17 5.130121517e-17
   1e+05 3.98e+04 3.754440015e-23 1.362426185e-15 1.408363987e-15
   1e+05 6.31e+04 3.147970033e-22 1.590744835e-14 1.661784692e-14
   1e+05    1e+05 1.412485751e-21 1.002980386e-13 1.061763607e-13
   1e+05 1.58e+05 3.998238822e-21 4.035639206e-13  4.34240765e-13
   1e+05 2.51e+05 8.030841259e-21   1.1681437e-12 1.281638688e-12
   1e+05 3.98e+05 1.243051794e-20 2.646852567e-12 2.969774539e-12
   1e+05 6.31e+05 1.571709107e-20 4.984457751e-12 5.732231896e-12
   1e+05    1e+06 1.701577242e-20 8.185207651e-12 9.659073665e-12
   1e+05 1.58e+06  1.65169625e-20 1.227649354e-11 1.485851584e-11
   1e+05 2.51e+06 1.501846952e-20 1.756105163e-11 2.174874344e-11
   1e+05 3.98e+06 1.319631988e-20 2.468770722e-11 3.115548612e-11
   1e+05 6.31e+06 1.136448295e-20 3.454098708e-11  4.41668929e-11
   1e+05    1e+07 9.629690697e-21 4.820335131e-11 6.204458036e-11
   1e+05 1.58e+07 8.037041788e-21 6.706008744e-11 8.630816882e-11
   1e+05 2.51e+07 6.612922902e-21 9.295544903e-11 1.188948356e-10
   1e+05 3.98e+07 5.370080103e-21 1.283739751e-10 1.623559183e-10
   1e+05 6.31e+07 4.309018619e-21 1.766753998e-10 2.201146974e-10
   1e+05    1e+08 3.420659529e-21 2.424124373e-10 2.968084399e-10
   1e+05 1.58e+08 2.689538245e-21 3.317621363e-10 3.987397798e-10
   1e+05 2.51e+08 2.096770112e-21 4.531112917e-10 5.344759153e-10
   1e+05 3.98e+08 1.622403818e-21 6.178511628e-10 7.156518811e-10
   1e+05 6.31e+08  1.24707304e-21  8.41456779e-10 9.580554532e-10
   1e+05    1e+09 9.530163117e-22 1.144953232e-09 1.283098317e-09
   1e+05 1.58e+09 7.245996528e-22 1.556908144e-09 1.719814323e-09
   1e+05 2.51e+09 5.484850027e-22 2.116139495e-09 2.307575026e-09
   1e+05 3.98e+09 4.135691564e-22   2.8753959e-09 3.099780193e-09
   1e+05 6.31e+09  3.10790199e-22  3.90635883e-09 4.168873122e-09
   1e+05    1e+10 2.328708512e-22 5.306441749e-09 5.613156023e-09
   1e+06   0.0001  1.39281591e-33 3.107659388e-34 1.400777174e-32
   1e+06 0.000158 1.129894536e-33 9.322981169e-34 5.146555866e-33
   1e+06 0.000251 1.267403606e-33               0 1.039585214e-32
   1e+06 0.000398 6.997167792e-34 1.035888164e-34  7.35097739e-33
   1e+06 0.000631 1.765961234e-33 1.035889493e-34  9.03920352e-33
   1e+06    0.001 1.591773829e-34 1.450248239e-33 3.979500354e-33
   1e+06  0.00158 1.506502375e-33 6.215369624e-34 1.513704806e-33
   1e+06  0.00251 6.336860208e-34  5.17950114e-34 4.798145409e-33
   1e+06  0.00398 6.397158045e-34               0 3.485446064e-33
   1e+06  0.00631 6.054345479e-34 1.035921902e-34 2.510968481e-34
   1e+06     0.01 1.273292819e-34 3.107828894e-34 4.974622282e-34
   1e+06   0.0158 4.820050197e-34 9.323787117e-34 6.307599388e-34
   1e+06   0.0251  3.04093559e-34 8.288234029e-34 4.998691123e-34
   1e+06   0.0398 8.952487846e-34 9.325017968e-34 6.635540328e-33
   1e+06   0.0631  3.22696579e-34 3.108738035e-34 7.849233338e-34
   1e+06      0.1               0 3.109369983e-34 4.977090883e-34
   1e+06    0.158 7.699984978e-34 3.110371634e-34 4.734420252e-33
   1e+06    0.251 4.853416591e-34 3.111959348e-34               0
   1e+06    0.398 2.038245153e-34 3.114476214e-34   1.4885039e-33
   1e+06    0.631 1.282773434e-34 3.118466458e-34 1.377917577e-33
   1e+06        1 4.836760259e-34 6.249587541e-34               0
   1e+06     1.58 1.010839986e-34 4.179773179e-34 6.213120763e-34
   1e+06     2.51 1.010381638e-33 1.155277191e-33 9.897197049e-34
   1e+06     3.98 1.098466523e-33 7.410775136e-34 1.106840196e-33
   1e+06     6.31 8.699793513e-34 7.504584593e-34 1.395779067e-33
   1e+06       10 4.703717731e-34  5.46710614e-34 1.743445053e-33
   1e+06     15.8  1.12373346e-33 7.892300127e-34 1.005631425e-33
   1e+06     25.1 4.908972118e-34 2.363932869e-34  8.35457707e-34
   1e+06     39.8 2.030212376e-33 1.777239772e-33 2.014791543e-33
   1e+06     63.1 7.014644787e-34   2.2562846e-33 7.303722363e-34
   1e+06      100 8.364638374e-34 3.107997247e-33 1.918489854e-34
   1e+06      158 1.261854851e-33 4.183781951e-33  2.40761181e-33
   1e+06      251 6.161378548e-34 5.584020719e-33 3.366618148e-33
   1e+06      398 2.947409251e-34 1.168407438e-33 1.852709582e-33
   1e+06      631 1.299232698e-33 4.275987133e-32 1.510123338e-32
   1e+06    1e+03 8.701516415e-34 5.778831907e-32 2.100953662e-33
   1e+06 1.58e+03 4.875671284e-34 8.752008095e-33 5.327240845e-32
   1e+06 2.51e+03 4.543935636e-34 3.128894288e-32 4.757282349e-32
   1e+06 3.98e+03 9.872368657e-34 1.450234346e-29 1.436455985e-29
   1e+06 6.31e+03  9.19098002e-34 2.650690038e-28 2.663080352e-28
   1e+06    1e+04 3.668361278e-34 8.139617493e-28 8.201719479e-28
   1e+06 1.58e+04 7.977454991e-34 1.693649249e-27 1.709896232e-27
   1e+06 2.51e+04 2.445791314e-33 3.282861791e-27 3.322291372e-27
   1e+06 3.98e+04 2.981627145e-34 6.209513178e-27 6.321722752e-27
   1e+06 6.31e+04 1.303358512e-33 1.159254691e-26 1.184332838e-26
   1e+06    1e+05 1.224434365e-33 2.120689347e-26 2.186233384e-26
   1e+06 1.58e+05 1.649482636e-34 3.952790292e-26 4.116924168e-26
   1e+06 2.51e+05 5.825627109e-30 7.316053252e-24 8.077523322e-24
   1e+06 3.98e+05 4.800011405e-27 8.531768376e-21 9.663158012e-21
   1e+06 6.31e+05 6.310944982e-25 1.596410485e-18 1.861744791e-18
   1e+06    1e+06 2.131943452e-23 7.705453079e-17  9.28072237e-17
   1e+06 1.58e+06 2.654648562e-22 1.382596955e-15 1.721900284e-15
   1e+06 2.51e+06 1.590451568e-21 1.206706224e-14 1.552153572e-14
   1e+06 3.98e+06 5.568677666e-21 6.228436778e-14 8.243321766e-14
   1e+06 6.31e+06 1.312066268e-20 2.189437284e-13 2.963417914e-13
   1e+06    1e+07 2.303561423e-20 5.801807591e-13 7.968397887e-13
   1e+06 1.58e+07  3.24270952e-20 1.246308595e-12 1.722078287e-12
   1e+06 2.51e+07 3.856912772e-20 2.285521376e-12 3.150501319e-12
   1e+06 3.98e+07  4.02580223e-20 3.713910738e-12 5.069366909e-12
   1e+06 6.31e+07 3.795628369e-20 5.501513176e-12  7.39131194e-12
   1e+06    1e+08 3.311032563e-20  7.60679564e-12 1.001528248e-11
   1e+06 1.58e+08 2.729987216e-20   1.0026343e-11 1.290124044e-11
   1e+06 2.51e+08 2.167749395e-20 1.283394321e-11 1.611760566e-11
   1e+06 3.98e+08 1.682533249e-20 1.619034896e-11 1.984159229e-11
   1e+06 6.31e+08 1.289309472e-20  2.03293423e-11 2.432957365e-11
   1e+06    1e+09 9.807593721e-21 2.554440712e-11 2.989355922e-11
   1e+06 1.58e+09 7.424264032e-21 3.219605898e-11 3.690675883e-11
   1e+06 2.51e+09 5.598674876e-21 4.074198138e-11 4.583627947e-11
   1e+06 3.98e+09 4.208211603e-21 5.178218138e-11 5.729086019e-11
   1e+06 6.31e+09 3.154045346e-21 6.611541203e-11 7.207858028e-11
   1e+06    1e+10 2.358036762e-21 8.481087377e-11 9.127903545e-11
   1e+07   0.0001 9.550747859e-34 4.127931003e-34 1.095152478e-32
   1e+07 0.000158               0 1.238379314e-33 5.045638737e-34
   1e+07 0.000251 6.337035012e-34 2.063965556e-34  1.03958382e-32
   1e+07 0.000398 1.119551602e-33               0 1.229384985e-32
   1e+07 0.000631 5.045637492e-34 2.063965692e-34 3.113492947e-33
   1e+07    0.001 7.640595902e-34 2.063965825e-34  6.52634574e-33
   1e+07  0.00158               0 1.031983017e-33 3.405806998e-33
   1e+07  0.00251 2.027849614e-34 1.754371412e-33 4.298280957e-33
   1e+07  0.00398 5.117943821e-34 2.063966894e-34 5.861761983e-33
   1e+07  0.00631 4.843802451e-34 5.159919324e-34 3.766325858e-33
   1e+07     0.01 9.168686457e-34 2.063969053e-34 6.566150878e-33
   1e+07   0.0158 5.142256286e-34 1.031985576e-34 1.419089793e-33
   1e+07   0.0251 6.489067875e-34 2.063974477e-34 1.374455746e-33
   1e+07   0.0398 1.023576042e-34 3.095969622e-34 3.960674835e-34
   1e+07   0.0631 6.458276048e-34 3.095982153e-34 6.120340372e-33
   1e+07      0.1 3.259875633e-34 1.032000671e-34 4.974435112e-34
   1e+07    0.158 1.851120668e-33 1.032011162e-34 9.362284536e-33
   1e+07    0.251 1.167940626e-33 3.096083373e-34 4.217247054e-33
   1e+07    0.398 3.275036289e-34 5.160270726e-34 3.465807892e-33
   1e+07    0.631  2.06624133e-34 7.224671401e-34 1.863750467e-33
   1e+07        1 2.607086622e-34 1.032162115e-34 2.954036278e-33
   1e+07     1.58               0  9.29040335e-34  2.58759314e-33
   1e+07     2.51 8.298848657e-34 1.342163339e-33 2.636822745e-33
   1e+07     3.98 1.177549919e-33 6.196181523e-34 4.334977786e-33
   1e+07     6.31               0 2.066229421e-34 6.136854156e-34
   1e+07       10 3.118774418e-34               0 1.654531595e-33
   1e+07     15.8 5.236924605e-34 3.104480446e-34 1.698489551e-33
   1e+07     25.1 3.293758626e-34 5.182456746e-34 1.470701603e-33
   1e+07     39.8 4.135598652e-34 7.273917243e-34 1.947403984e-34
   1e+07     63.1 2.588840044e-34 3.129955761e-34 9.296870215e-34
   1e+07      100 6.453438276e-34 9.449686573e-34               0
   1e+07      158 9.985677428e-35 1.378680398e-33  1.97838716e-33
   1e+07      251 2.446752847e-34  1.07731571e-34 1.592776533e-34
   1e+07      398 2.952397126e-34 2.208140323e-34 6.468874833e-34
   1e+07      631 1.743490633e-34               0 2.130470125e-34
   1e+07    1e+03 1.000587157e-34 1.215229468e-34 5.369527829e-34
   1e+07 1.58e+03 9.978477064e-34 1.722601428e-33 3.095330326e-34
   1e+07 2.51e+03 3.543818793e-34 4.503838002e-34  1.94747654e-33
   1e+07 3.98e+03 2.421847974e-34  2.13768737e-33 1.310209692e-34
   1e+07 6.31e+03 8.407411358e-34 2.437940135e-33 5.179809788e-34
   1e+07    1e+04 2.325359811e-34 1.604252506e-32 4.792091045e-33
   1e+07 1.58e+04 1.108181302e-34 6.818616626e-33 8.831146608e-33
   1e+07 2.51e+04 6.282797451e-34 2.845705587e-32 1.493471311e-34
   1e+07 3.98e+04               0 6.776441064e-33 2.255276435e-32
   1e+07 6.31e+04 3.706677058e-34  4.68370389e-32  3.36552249e-32
   1e+07    1e+05 1.744749366e-34 5.316890646e-31 5.461541006e-31
   1e+07 1.58e+05  4.94151698e-34 6.240440118e-29 6.498644599e-29
   1e+07 2.51e+05 3.123412458e-34 3.990841042e-28  4.20891731e-28
   1e+07 3.98e+05               0 9.495818657e-28 1.015231153e-27
   1e+07 6.31e+05 1.429851855e-33 1.793214264e-27 1.946144217e-27
   1e+07    1e+06 4.153502848e-34 3.197960028e-27 3.535359383e-27
   1e+07 1.58e+06 8.120535781e-34  5.49929953e-27 6.202886076e-27
   1e+07 2.51e+06 5.347667012e-34 9.234278327e-27 1.062659253e-26
   1e+07 3.98e+06 1.335165575e-34 1.505747253e-26 1.762529438e-26
   1e+07 6.31e+06 8.089366846e-34 2.390779915e-26 2.842088478e-26
   1e+07    1e+07 8.641616344e-32 5.648662972e-26 7.160183895e-26
   1e+07 1.58e+07 5.502740731e-29 1.876383025e-23 2.634569027e-23
   1e+07 2.51e+07  7.46364516e-27 3.871508994e-21 5.431469305e-21
   1e+07 3.98e+07 3.135555277e-25 2.481233568e-19 3.453969721e-19
   1e+07 6.31e+07 5.419007771e-24 6.556993093e-18 9.005309523e-18
   1e+07    1e+08 4.766107281e-23 8.849692977e-17 1.193830051e-16
   1e+07 1.58e+08 2.499057534e-22 7.150087927e-16 9.445310839e-16
   1e+07 2.51e+08 8.787604743e-22 3.890855627e-15 5.024195851e-15
   1e+07 3.98e+08 2.262685075e-21 1.557045066e-14 1.963986143e-14
   1e+07 6.31e+08 4.557750193e-21 4.894985723e-14 6.032223895e-14
   1e+07    1e+09 7.551279064e-21 1.270911643e-13 1.531366067e-13
   1e+07 1.58e+09 1.069235106e-20 2.831297535e-13 3.339834281e-13
   1e+07 2.51e+09 1.332623822e-20 5.573486198e-13 6.446115093e-13
   1e+07 3.98e+09 1.495557109e-20 9.917491502e-13 1.126477969e-12
   1e+07 6.31e+09 1.538138219e-20  1.62348265e-12 1.814080858e-12
   1e+07    1e+10 1.469683153e-20 2.478701549e-12 2.729294013e-12
   1e+08   0.0001 1.782806327e-33 2.986214278e-34 1.579057035e-32
   1e+08 0.000158 1.606963922e-33 2.787133327e-33 2.593458241e-32
   1e+08 0.000251 1.013925688e-34  1.49310714e-33 2.399039483e-33
   1e+08 0.000398 8.956414018e-34 5.972428565e-34 1.634955179e-32
   1e+08 0.000631               0 2.986214286e-34 6.026114738e-34
   1e+08    0.001 2.139367572e-33  9.95404764e-35 2.706045336e-32
   1e+08  0.00158 7.713426708e-34 2.986214301e-34  1.33709424e-32
   1e+08  0.00251 3.244562123e-34 3.981619088e-34 1.899239615e-33
   1e+08  0.00398 5.117950674e-34  5.97242868e-34 7.604442852e-33
   1e+08  0.00631 1.162515056e-33 5.972428755e-34 7.532643668e-33
   1e+08     0.01 3.096988954e-33 2.986214437e-34  3.10399334e-32
   1e+08   0.0158 4.113826961e-34 2.687593078e-33 4.257257954e-33
   1e+08   0.0251 1.168042087e-33 1.692188319e-33 8.996399345e-33
   1e+08   0.0398 3.275487197e-34 3.981619888e-34 8.911458302e-34
   1e+08   0.0631 1.343349929e-33 3.981620387e-34  1.36529211e-32
   1e+08      0.1 1.303994115e-33 6.967837062e-34 1.007306052e-32
   1e+08    0.158 8.227641579e-34 7.963244865e-34 3.941908744e-34
   1e+08    0.251 3.114771493e-34  3.98162442e-34 4.685630747e-33
   1e+08    0.398 2.620379885e-34 1.094947582e-33 7.426230543e-34
   1e+08    0.631 1.322675108e-33 1.990816281e-34 8.533103539e-33
   1e+08        1 3.129556256e-34 9.954101183e-35 1.243594151e-33
   1e+08     1.58 7.898417438e-34 9.954132531e-35  4.55786935e-33
   1e+08     2.51 4.983515912e-34 8.958763993e-34 7.126156013e-33
   1e+08     3.98 6.288674774e-34 9.954260958e-35 7.735816108e-34
   1e+08     6.31 5.290384509e-34 1.294070148e-33  3.43296978e-33
   1e+08       10 1.335150973e-33 8.959125196e-34 6.898418105e-33
   1e+08     15.8 1.052964384e-34 1.990979407e-34 4.619840872e-34
   1e+08     25.1 6.643108663e-34 7.964315101e-34 2.562820542e-33
   1e+08     39.8   1.3410787e-33 4.978090661e-34 2.127787492e-33
   1e+08     63.1 2.114891065e-34 6.970200549e-34 2.912844338e-33
   1e+08      100 4.001666558e-34 4.979703698e-34 6.075692165e-34
   1e+08      158 8.411103656e-34 9.962542473e-34 1.348558212e-33
   1e+08      251               0 2.990253444e-34 7.637352286e-34
   1e+08      398 1.202445105e-33 3.990154975e-34 2.301773485e-33
   1e+08      631 8.409432844e-34 9.987871516e-35 1.922599389e-33
   1e+08    1e+03 1.057133386e-34               0 9.160680573e-34
   1e+08 1.58e+03 1.325973429e-34 6.023421177e-34 9.711531969e-34
   1e+08 2.51e+03 1.325978117e-33 2.017756593e-34 2.901223448e-33
   1e+08 3.98e+03 3.091312386e-34 2.033536768e-34 3.091027911e-34
   1e+08 6.31e+03 3.812750802e-34 7.205006377e-34 7.445108512e-34
   1e+08    1e+04 1.548779634e-34 5.245784741e-34               0
   1e+08 1.58e+04               0 5.403565404e-34 6.567336073e-34
   1e+08 2.51e+04 1.084861135e-34 4.523360575e-34 9.560536976e-34
   1e+08 3.98e+04 1.231024497e-34 1.210402269e-33 6.985313509e-34
   1e+08 6.31e+04  1.34842866e-34 9.353405386e-34 3.078513934e-34
   1e+08    1e+05 4.272401296e-34 1.532985587e-34 3.773862686e-34
   1e+08 1.58e+05 7.279633964e-34 2.200432816e-33  3.09013018e-33
   1e+08 2.51e+05  1.45257727e-34 5.459723098e-33 2.009921248e-33
   1e+08 3.98e+05 7.141012692e-34 1.444025545e-33 1.892327837e-33
   1e+08 6.31e+05 2.792050106e-34 3.696223798e-34 7.061572195e-33
   1e+08    1e+06 1.365523695e-34 1.711083857e-32 3.243923868e-32
   1e+08 1.58e+06 4.027718759e-34 1.226612028e-32 4.986899323e-32
   1e+08 2.51e+06 5.322211603e-34 4.675562173e-32 3.460881249e-32
   1e+08 3.98e+06 9.319226699e-34 2.976936633e-31  3.31948171e-31
   1e+08 6.31e+06 2.691646758e-34 8.393951903e-30 1.001752213e-29
   1e+08    1e+07 3.436247137e-33 1.155784908e-28 1.399962372e-28
   1e+08 1.58e+07               0 3.492579285e-28 4.213349263e-28
   1e+08 2.51e+07 1.032320973e-33 6.480877657e-28 7.833474365e-28
   1e+08 3.98e+07 1.391606819e-33 1.033564146e-27 1.240773566e-27
   1e+08 6.31e+07 3.263768232e-33 1.566908597e-27 1.866889218e-27
   1e+08    1e+08 1.385376839e-33 2.324846733e-27 2.739499913e-27
   1e+08 1.58e+08 3.691701804e-34 3.392390305e-27 3.950549669e-27
   1e+08 2.51e+08 7.898006736e-34 4.884553043e-27 5.632338673e-27
   1e+08 3.98e+08 2.753442585e-33 6.976293525e-27 7.903780245e-27
   1e+08 6.31e+08 4.553886622e-34 9.854054362e-27 1.102606777e-26
   1e+08    1e+09 4.903754849e-34 1.386042396e-26  1.53416107e-26
   1e+08 1.58e+09 1.850538984e-33 1.950227331e-26 2.131773334e-26
   1e+08 2.51e+09   4.6506091e-32 4.564669938e-26 5.088831153e-26
   1e+08 3.98e+09 5.612785789e-30 3.435842714e-24  3.92096627e-24
   1e+08 6.31e+09 2.845463538e-28 2.734022221e-22 3.069760732e-22
   1e+08    1e+10 7.262187892e-27 1.104115115e-20 1.221383148e-20
   1e+09   0.0001  1.51599463e-33 3.023404506e-34 3.268755627e-34
   1e+09 0.000158 3.789986575e-33 1.197943305e-34 1.368457151e-34
   1e+09 0.000251 9.474966438e-34 3.797224377e-34               0
   1e+09 0.000398 2.652990603e-33 1.504548766e-34               0
   1e+09 0.000631 7.579973151e-34 2.384549098e-34 4.066609544e-34
   1e+09    0.001 1.894993288e-33 1.889627816e-34               0
   1e+09  0.00158 4.358484562e-33 2.994858262e-34 2.138214299e-34
   1e+09  0.00251 5.684979863e-33 2.373265236e-34 2.685475742e-34
   1e+09  0.00398 3.600487247e-33               0  3.37280504e-34
   1e+09  0.00631 7.579973151e-34 1.490343186e-34               0
   1e+09     0.01 3.789986575e-34 1.181017385e-34 2.660120139e-34
   1e+09   0.0158 4.926982548e-33 1.871786414e-34               0
   1e+09   0.0251  7.57997315e-34               0  5.24506981e-34
   1e+09   0.0398 3.789986575e-34               0 3.952505906e-34
   1e+09   0.0631 3.789986575e-34               0  1.65470766e-34
   1e+09      0.1 7.579973148e-34 1.476271732e-34  1.03910943e-34
   1e+09    0.158 3.221488586e-33               0 1.305062439e-34
   1e+09    0.251 1.894993283e-33  1.85411347e-34 3.278168637e-34
   1e+09    0.398               0 1.469285913e-34               0
   1e+09    0.631 3.031989214e-33 1.164330631e-34               0
   1e+09        1 2.273991858e-33               0               0
   1e+09     1.58 9.474965523e-34 1.462333268e-34               0
   1e+09     2.51 9.474964139e-34 1.158821179e-34 2.561069721e-34
   1e+09     3.98 6.063974824e-33 1.836608427e-34 6.433118098e-34
   1e+09     6.31 1.136994232e-33 2.910830699e-34 1.009954595e-34
   1e+09       10   1.3264902e-33 1.153341434e-34  2.53689576e-34
   1e+09     15.8 3.031959968e-33               0 1.593105635e-34
   1e+09     25.1 3.979389335e-33               0 2.000872694e-34
   1e+09     39.8 2.652828899e-33  2.29588995e-34 3.769580097e-34
   1e+09     63.1 2.273643837e-33               0 4.734714086e-34
   1e+09      100 3.030823786e-33  1.44218947e-34  2.97379514e-34
   1e+09      158  7.57266067e-34 1.143478218e-34               0
   1e+09      251 2.268493517e-33               0 1.566064258e-34
   1e+09      398 1.883546369e-33 1.442990451e-34 9.861935904e-35
   1e+09      631 2.613277369e-33               0 1.247181404e-34
   1e+09    1e+03 2.008662647e-33               0 3.185425027e-34
   1e+09 1.58e+03 5.204302113e-34               0 2.077999947e-34
   1e+09 2.51e+03 6.219065192e-34 1.357691423e-34 2.819180865e-34
   1e+09 3.98e+03 2.543549169e-34 1.285011997e-34 7.014082707e-34
   1e+09 6.31e+03 5.637373858e-34               0   5.7459368e-34
   1e+09    1e+04 6.417894714e-34 1.329756218e-34 5.686268809e-34
   1e+09 1.58e+04 1.676685635e-34 4.954090516e-34 5.331071268e-34
   1e+09 2.51e+04 5.358356805e-34 1.938405809e-34 9.231746655e-34
   1e+09 3.98e+04               0               0 3.567993136e-34
   1e+09 6.31e+04 1.706699315e-34  1.43401505e-34 1.476065092e-34
   1e+09    1e+05 8.553920473e-34 4.571574318e-34 1.316708546e-33
   1e+09 1.58e+05 5.332062298e-34 3.145223992e-34 4.827573962e-34
   1e+09 2.51e+05 8.251950909e-34 3.217279194e-34 7.806577125e-34
   1e+09 3.98e+05 6.069755218e-34 3.296303019e-34 3.816645523e-34
   1e+09 6.31e+05 8.562803987e-34 1.702420592e-34 1.260037725e-33
   1e+09    1e+06 1.452670553e-34 1.782228578e-34               0
   1e+09 1.58e+06 1.687710452e-33 1.519982766e-33 1.671858083e-33
   1e+09 2.51e+06 5.743532403e-34 1.345615488e-33 2.961279289e-33
   1e+09 3.98e+06  9.55253509e-34 1.269670276e-33               0
   1e+09 6.31e+06 4.620071376e-34 1.577772162e-33  5.74949702e-34
   1e+09    1e+07  6.20384012e-34 3.806227269e-33 5.487268504e-34
   1e+09 1.58e+07  1.58805026e-33  7.12391239e-34 2.749352487e-33
   1e+09 2.51e+07 3.096949076e-33 4.918437528e-33 1.509963269e-32
   1e+09 3.98e+07 1.048381349e-33   4.9238549e-34  1.42179717e-32
   1e+09 6.31e+07 2.394209099e-33 2.589805218e-32 7.118771746e-33
   1e+09    1e+08 8.524938506e-34 2.513344693e-32 5.512364379e-33
   1e+09 1.58e+08 1.277910816e-33  1.09478749e-33 2.131258611e-32
   1e+09 2.51e+08               0 4.241245464e-32 4.066387981e-32
   1e+09 3.98e+08 2.106021019e-34  5.36929903e-32 9.894079358e-32
   1e+09 6.31e+08 5.668970953e-34 4.507151876e-32 1.747965619e-31
   1e+09    1e+09 6.111379647e-34 4.110970169e-31 5.226158317e-31
   1e+09 1.58e+09 2.505973378e-33 1.707306309e-29 1.851595647e-29
   1e+09 2.51e+09 1.139436163e-33 8.474383907e-29 9.172905149e-29
   1e+09 3.98e+09 2.308425127e-33 2.060026043e-28 2.213573857e-28
   1e+09 6.31e+09 1.497197407e-33 3.641249103e-28 3.875283722e-28
   1e+09    1e+10               0 5.589915692e-28 5.904364782e-28
   1e+10   0.0001 5.438699241e-34 2.175011445e-34               0
   1e+10 0.000158 7.251598987e-34 1.723580416e-34 1.720427208e-34
   1e+10 0.000251 5.438699241e-34               0  2.16075888e-34
   1e+10 0.000398               0 1.082359565e-34 1.356895228e-34
   1e+10 0.000631 3.625799494e-34               0               0
   1e+10    0.001               0               0 2.140357524e-34
   1e+10  0.00158               0  1.07723776e-34 1.344083756e-34
   1e+10  0.00251               0               0               0
   1e+10  0.00398 7.251598987e-34               0 1.060074397e-34
   1e+10  0.00631 3.625799494e-34               0               0
   1e+10     0.01               0 1.699227691e-34               0
   1e+10   0.0158 9.064498734e-34   1.3465472e-34 1.050065434e-34
   1e+10   0.0251 7.251598987e-34               0 1.318822558e-34
   1e+10   0.0398               0               0               0
   1e+10   0.0631 7.251598987e-34               0 2.080301948e-34
   1e+10      0.1 1.812899747e-34               0 2.612741119e-34
   1e+10    0.158 7.251598987e-34               0 1.640727241e-34
   1e+10    0.251 3.625799494e-34 1.333833432e-34 1.030330124e-34
   1e+10    0.398 1.812899747e-34 1.056991763e-34               0
   1e+10    0.631               0               0 1.625235897e-34
   1e+10        1 3.625799494e-34 1.327521634e-34    1.020602e-34
   1e+10     1.58 3.625799494e-34     1.05199e-34 1.281818157e-34
   1e+10     2.51 3.625799494e-34               0 1.609890818e-34
   1e+10     3.98 3.625799494e-34               0               0
   1e+10     6.31 9.064498734e-34               0               0
   1e+10       10 3.625799494e-34               0 1.594690624e-34
   1e+10     15.8 3.625799494e-34               0 1.001420435e-34
   1e+10     25.1 7.251598987e-34 1.042057369e-34 1.257727202e-34
   1e+10     39.8 7.251598987e-34               0 1.579633947e-34
   1e+10     63.1 3.625799494e-34 1.308764882e-34 1.983930539e-34
   1e+10      100               0 1.037126276e-34               0
   1e+10      158 3.625799494e-34               0  1.56471943e-34
   1e+10      251 7.251598987e-34               0  2.94779813e-34
   1e+10      398 9.064498734e-34 1.032218519e-34 2.468178041e-34
   1e+10      631 3.625799494e-34 1.635956103e-34 3.099891466e-34
   1e+10    1e+03               0 1.296407846e-34 9.733219142e-35
   1e+10 1.58e+03 3.625799493e-34 1.027333985e-34               0
   1e+10 2.51e+03               0 1.628214639e-34               0
   1e+10 3.98e+03 5.438699236e-34 1.290273149e-34 1.928264096e-34
   1e+10 6.31e+03 3.625799485e-34 1.022472566e-34               0
   1e+10    1e+04               0               0               0
   1e+10 1.58e+04 3.625799441e-34               0 3.820115825e-34
   1e+10 2.51e+04 3.625799361e-34 1.017634169e-34 2.398924304e-34
   1e+10 3.98e+04 3.625799161e-34 1.612841514e-34 3.012912789e-34
   1e+10 6.31e+04 3.625798659e-34 1.278090861e-34 3.784047644e-34
   1e+10    1e+05 3.625797397e-34               0 2.376274904e-34
   1e+10 1.58e+05 7.251588452e-34               0 1.492233836e-34
   1e+10 2.51e+05 3.625786262e-34               0               0
   1e+10 3.98e+05 1.812883129e-34               0               0
   1e+10 6.31e+05 1.812858006e-34               0               0
   1e+10    1e+06               0 1.266062084e-34  3.71303772e-34
   1e+10 1.58e+06 3.625272841e-34 1.003333066e-34               0
   1e+10 2.51e+06 7.248953997e-34 1.590360722e-34               0
   1e+10 3.98e+06 3.622480027e-34 2.521287777e-34  1.83979303e-34
   1e+10 6.31e+06 5.426215562e-34               0 3.468449339e-34
   1e+10    1e+07  1.80249631e-34               0               0
   1e+10 1.58e+07               0 1.263599702e-34 1.834860088e-34
   1e+10 2.51e+07 5.249580519e-34 1.012390802e-34  1.16443826e-34
   1e+10 3.98e+07 3.329977142e-34 1.645714282e-34 1.498375256e-34
   1e+10 6.31e+07 2.986676797e-34               0               0
   1e+10    1e+08 3.641380806e-34 1.185723691e-34 2.691164209e-34
   1e+10 1.58e+08 1.752032869e-34 2.051266538e-34 1.829079963e-34
   1e+10 2.51e+08 1.144497002e-34 1.651198376e-34 1.155249937e-34
   1e+10 3.98e+08 2.807890975e-34 5.850431864e-34               0
   1e+10 6.31e+08 9.970456022e-34 1.478054174e-34 1.801072432e-33
   1e+10    1e+09 3.849707637e-34  6.97955377e-34  2.77019774e-33
   1e+10 1.58e+09 8.786198637e-34 1.400798428e-33 1.645197784e-33
   1e+10 2.51e+09 8.673121299e-34 2.959014664e-33 2.476758588e-33
   1e+10 3.98e+09 2.770063875e-33 3.497024901e-33 9.667138513e-33
   1e+10 6.31e+09 1.536867554e-34 4.585564373e-33 2.109370976e-33
   1e+10    1e+10 1.864889564e-33 3.053294354e-33  1.62378765e-33
   1e+11   0.0001 5.536090647e-34 1.099224405e-34 1.351070639e-34
   1e+11 0.000158 2.491240791e-33               0  5.09060401e-34
   1e+11 0.000251 1.384022662e-33 2.761126867e-34 3.196754785e-34
   1e+11 0.000398 5.536090647e-34 1.094022794e-34 2.676628323e-34
   1e+11 0.000631 1.245620396e-33 1.733909278e-34 3.361693183e-34
   1e+11    0.001 1.107218129e-33               0  3.16657181e-34
   1e+11  0.00158 1.384022662e-34               0 1.325678127e-34
   1e+11  0.00251 1.937631726e-33 3.451408584e-34  1.66497645e-34
   1e+11  0.00398 1.245620396e-33 1.367528492e-34 3.136673816e-34
   1e+11  0.00631 1.384022662e-34 1.083693299e-34               0
   1e+11     0.01 5.536090647e-34               0               0
   1e+11   0.0158  1.79922946e-33               0 5.178430186e-34
   1e+11   0.0251 5.536090647e-34               0 2.601525704e-34
   1e+11   0.0398 1.384022662e-33 1.709410615e-34 3.267368558e-34
   1e+11   0.0631 1.660827194e-33               0 6.155444061e-34
   1e+11      0.1  8.30413597e-34               0 3.865444104e-34
   1e+11    0.158 1.245620396e-33               0 1.618259433e-34
   1e+11    0.251 2.768045323e-34 1.348206478e-34 1.016220978e-34
   1e+11    0.398  8.30413597e-34 1.068381635e-34 1.276315843e-34
   1e+11    0.631 6.920113309e-34  1.69327078e-34 1.602980224e-34
   1e+11        1 9.688158632e-34               0 2.013252138e-34
   1e+11     1.58  8.30413597e-34 1.063325974e-34 3.792795546e-34
   1e+11     2.51 1.384022662e-33               0 4.763535835e-34
   1e+11     3.98 1.384022662e-34 1.335477043e-34               0
   1e+11     6.31 5.536090647e-34 1.058294237e-34   1.2523283e-34
   1e+11       10  8.30413597e-34               0 4.718559698e-34
   1e+11     15.8 1.660827194e-33 1.329157468e-34  2.96312152e-34
   1e+11     25.1 1.384022662e-34               0 3.721512371e-34
   1e+11     39.8 2.076033993e-33 1.669346304e-34 4.674008215e-34
   1e+11     63.1 1.660827194e-33 1.322867797e-34 2.935144454e-34
   1e+11      100 1.107218129e-33 1.048302083e-34 3.686374764e-34
   1e+11      158 9.688158632e-34 1.661446835e-34 4.629877376e-34
   1e+11      251 1.660827194e-33 1.316607889e-34 4.845719233e-34
   1e+11      398 9.688158632e-34  1.04334144e-34 2.434379278e-34
   1e+11      631 1.107218129e-33 1.653584746e-34 4.586163209e-34
   1e+11    1e+03 5.536090647e-34               0 1.919986856e-34
   1e+11 1.58e+03  8.30413597e-34               0 2.411394466e-34
   1e+11 2.51e+03 1.245620396e-33               0 3.028574521e-34
   1e+11 3.98e+03 5.536090647e-34   1.3041768e-34 1.901858811e-34
   1e+11 6.31e+03 1.107218129e-33 1.033490466e-34 2.388626671e-34
   1e+11    1e+04  8.30413597e-34 1.637972004e-34 2.999979463e-34
   1e+11 1.58e+04 1.107218129e-33               0 3.767803854e-34
   1e+11 2.51e+04 1.937631726e-33 2.057199826e-34 5.915184611e-34
   1e+11 3.98e+04 1.384022662e-33               0 4.457481589e-34
   1e+11 6.31e+04 1.522424928e-33 2.583726165e-34 3.732229174e-34
   1e+11    1e+05 1.107218129e-33 1.023732503e-34 3.515600933e-34
   1e+11 1.58e+05               0 1.622506674e-34  1.47179838e-34
   1e+11 2.51e+05 2.214436259e-33 1.285749891e-34 3.696990382e-34
   1e+11 3.98e+05 1.107218129e-33 1.018888125e-34 2.321604994e-34
   1e+11 6.31e+05 1.384022662e-33               0 2.915804042e-34
   1e+11    1e+06 1.107218129e-33 1.279665628e-34 5.493126458e-34
   1e+11 1.58e+06 5.536090646e-34 1.014066672e-34 2.299684969e-34
   1e+11 2.51e+06 5.536090645e-34               0 2.888273736e-34
   1e+11 3.98e+06 1.384022661e-34 1.273610157e-34               0
   1e+11 6.31e+06 8.304135953e-34 1.009268034e-34  2.27797191e-34
   1e+11    1e+07 8.304135928e-34 1.599582039e-34 2.861003371e-34
   1e+11 1.58e+07 2.491240759e-33 1.267583347e-34 7.186515575e-34
   1e+11 2.51e+07 1.107218094e-33               0 3.384695839e-34
   1e+11 3.98e+07 8.304135297e-34  1.59201276e-34 1.416995293e-34
   1e+11 6.31e+07  5.53608952e-34               0 1.779665734e-34
   1e+11    1e+08 5.536087815e-34               0 2.235159449e-34
   1e+11 1.58e+08 5.536083534e-34 1.584480193e-34 1.403617216e-34
   1e+11 2.51e+08 1.107214556e-33 1.255617156e-34 3.525730465e-34
   1e+11 3.98e+08 2.768022884e-34 9.950119703e-35 1.107032016e-34
   1e+11 6.31e+08 5.535977916e-34               0 2.780755743e-34
   1e+11    1e+09 1.107161498e-33 1.249705444e-34 1.746262538e-34
   1e+11 1.58e+09 2.767689733e-34               0 1.096645695e-34
   1e+11 2.51e+09 2.767152355e-34 1.569772265e-34               0
   1e+11 3.98e+09 1.106321505e-33 1.244264008e-34 5.191293727e-34
   1e+11 6.31e+09 2.762424067e-34 9.866156169e-35  3.26197728e-34
   1e+11    1e+10 2.753983608e-34 1.566071062e-34 2.735412653e-34
