   1e+04   0.0001 4.370666074e-19 5.837167778e-19  2.15182261e-18
   1e+04 0.000158 9.370161025e-19 1.751714596e-19  3.41150793e-18
   1e+04 0.000251  6.25357154e-19 1.168406005e-19 1.983533354e-18
   1e+04 0.000398 3.501671307e-19 1.754026843e-19 1.215589531e-18
   1e+04 0.000631               0 5.854248954e-20 1.702101677e-19
   1e+04    0.001    1.384908e-19               0 4.505207255e-19
   1e+04  0.00158 8.682978531e-20 5.884976113e-20               0
   1e+04  0.00251 4.339500158e-19 2.957441178e-19 3.993716668e-19
   1e+04  0.00398 2.021906513e-19 4.173661714e-19 1.002639976e-18
   1e+04  0.00631 2.490942216e-19 2.415148883e-19 3.657270576e-19
   1e+04     0.01 1.010065046e-19 6.773893592e-19 3.547073398e-19
   1e+04   0.0158 1.809758031e-19 1.269985575e-19 3.864578429e-19
   1e+04   0.0251 2.810843941e-19 1.997095103e-19 4.815842213e-19
   1e+04   0.0398               0 2.860006815e-19 2.049472494e-19
   1e+04   0.0631 3.442206493e-19 3.971584607e-19 7.217041779e-19
   1e+04      0.1 2.693332974e-19 1.843028889e-19 5.529131428e-20
   1e+04    0.158 3.610935559e-19 2.581935144e-18  4.27005198e-19
   1e+04    0.251               0  1.43065113e-19 1.401535548e-18
   1e+04    0.398 1.685878645e-19 3.200248693e-18 8.431309107e-18
   1e+04    0.631 7.958671598e-20 1.108736125e-17 9.658999566e-18
   1e+04        1 7.457853471e-20   1.6827341e-17               0
   1e+04     1.58 4.175407573e-19 2.209399065e-17 2.968334986e-17
   1e+04     2.51 5.182702942e-19 6.158040231e-17 6.153865595e-17
   1e+04     3.98 1.806974562e-19 1.484717221e-16 7.199183943e-17
   1e+04     6.31 5.036600182e-19  7.68069195e-17 1.418074309e-16
   1e+04       10 2.079017143e-19 4.983745337e-16 2.704720083e-16
   1e+04     15.8 5.791589289e-19 5.152637789e-16 6.738863673e-16
   1e+04     25.1 2.688709647e-19 1.736320771e-15 1.966677679e-15
   1e+04     39.8 4.160550277e-19 2.251014841e-15 1.687959877e-15
   1e+04     63.1 7.725662838e-20 4.197483673e-15 6.154430474e-15
   1e+04      100 3.586476835e-19  1.04064491e-15  5.81488609e-15
   1e+04      158 6.660034292e-20 6.890564388e-14 6.547751686e-14
   1e+04      251               0 1.326000396e-13 1.199474637e-13
   1e+04      398  6.31703012e-19 2.697690774e-14 2.641029197e-14
   1e+04      631 6.400172838e-19 8.608274523e-13  8.36896777e-13
   1e+04    1e+03 4.954151151e-19 1.014451094e-12 9.252355396e-13
   1e+04 1.58e+03 3.682233465e-19  1.03747379e-11 1.056368955e-11
   1e+04 2.51e+03 2.566558388e-19 8.159125846e-12 8.099395625e-12
   1e+04 3.98e+03 7.953890328e-20 5.655113292e-12  4.88578926e-12
   1e+04 6.31e+03 1.479756891e-19  1.13269662e-10  1.15273547e-10
   1e+04    1e+04 3.443676522e-19 3.667604694e-10 3.667032769e-10
   1e+04 1.58e+04 5.775698565e-19 8.803561621e-10 8.854692394e-10
   1e+04 2.51e+04 7.184740541e-19 8.144006803e-11 7.335841015e-11
   1e+04 3.98e+04 1.119100762e-19 2.770431868e-10 3.100122069e-10
   1e+04 6.31e+04               0 4.401220545e-09 4.488705097e-09
   1e+04    1e+05               0 4.727915071e-08 4.885072853e-08
   1e+04 1.58e+05 3.714357337e-19 1.548683312e-08  1.62721636e-08
   1e+04 2.51e+05               0 1.198157365e-07 1.263261079e-07
   1e+04 3.98e+05               0 1.275527971e-07 1.363839165e-07
   1e+04 6.31e+05 1.288214309e-18 5.911959038e-07 6.406188009e-07
   1e+04    1e+06 7.015632717e-19 7.055491432e-08 8.023549472e-08
   1e+04 1.58e+06               0 4.113256945e-06 4.641488509e-06
   1e+04 2.51e+06 5.268575556e-19 4.850802699e-07 5.592270976e-07
   1e+04 3.98e+06 6.013226914e-19 2.615652497e-06 3.072362304e-06
   1e+04 6.31e+06 1.517996976e-19  5.43099862e-06 6.451330696e-06
   1e+04    1e+07 1.626782096e-18  7.15039253e-05 8.581417408e-05
   1e+04 1.58e+07 1.197840257e-18 0.0001320098897 0.0001591274275
   1e+04 2.51e+07 7.475532588e-19 0.0001382161488 0.0001667208333
   1e+04 3.98e+07 6.095172481e-19 0.0003361804929 0.0004040296719
   1e+04 6.31e+07 9.188789078e-20 0.0004329240906 0.0005158058529
   1e+04    1e+08 9.750277414e-19 0.0003303490849 0.0003899702426
   1e+04 1.58e+08 5.196193796e-19   0.00343201278  0.004017960418
   1e+04 2.51e+08               0  0.003231532575  0.003704913846
   1e+04 3.98e+08 1.788622968e-19  0.004677781259  0.005284176372
   1e+04 6.31e+08  1.66641624e-18  0.001043162453  0.001168748783
   1e+04    1e+09 9.662282838e-19 0.0006249848727 0.0006927511673
   1e+04 1.58e+09 1.488262624e-18  0.008065000793  0.008904738498
   1e+04 2.51e+09 1.445578008e-18   0.06658827902   0.06723162704
   1e+04 3.98e+09 1.214322844e-18   0.05555227899   0.06331876581
   1e+04 6.31e+09 2.062073472e-18       0.1047152    0.1251951783
   1e+04    1e+10 3.039876938e-19    0.0671409817   0.06610498509
   1e+05   0.0001 1.400105695e-19 1.750149832e-19 1.792228984e-18
   1e+05 0.000158 2.650166892e-19 4.667113788e-19 5.681040941e-20
   1e+05 0.000251 2.229450995e-19 2.916993238e-19 2.791236458e-18
   1e+05 0.000398 3.516541155e-19  5.83413584e-19 3.853095906e-18
   1e+05 0.000631 6.212100863e-19 5.250935311e-19 4.919522363e-18
   1e+05    0.001 1.119733352e-19 4.084323434e-19 3.585020203e-19
   1e+05  0.00158 4.944520379e-19 2.917671211e-19  3.26741061e-18
   1e+05  0.00251 9.801862836e-19 2.334513972e-19 3.434123174e-18
   1e+05  0.00398 5.619450628e-20 4.670223042e-19 1.070972789e-18
   1e+05  0.00631  3.54276361e-19 5.840146673e-20 8.490330047e-19
   1e+05     0.01 3.571950902e-19               0 1.458699147e-18
   1e+05   0.0158 2.811479931e-19 5.849850416e-20 7.120727696e-19
   1e+05   0.0251 1.414600753e-19 3.515570909e-19 3.532436001e-19
   1e+05   0.0398 8.880556219e-20  2.93712349e-19 5.612831114e-19
   1e+05   0.0631 5.558923307e-20               0 4.465843635e-19
   1e+05      0.1 2.771283253e-19 2.967832248e-19 8.547728187e-19
   1e+05    0.158 4.287725171e-19               0 7.982263587e-19
   1e+05    0.251 1.050452701e-19 6.090768305e-20 2.754002247e-19
   1e+05    0.398 3.168134056e-19 6.242569348e-20 7.455987115e-19
   1e+05    0.631 2.244295501e-19 6.485159339e-20 2.455238585e-19
   1e+05        1 3.432877955e-19 2.749626822e-19  6.18699955e-19
   1e+05     1.58 3.800944283e-19 8.249249419e-19 3.565906556e-19
   1e+05     2.51 3.033891945e-19 4.252275836e-19 6.409209989e-19
   1e+05     3.98               0 6.064792043e-19 1.131869737e-18
   1e+05     6.31 1.024462174e-19 2.710872271e-18 2.759903797e-18
   1e+05       10 1.977810835e-19 1.145189241e-18 6.902865826e-19
   1e+05     15.8 2.816955285e-19 7.230346466e-18 8.887108063e-19
   1e+05     25.1 8.827942264e-20 7.602974322e-18 4.391186224e-18
   1e+05     39.8 3.301160426e-19 1.472537871e-17 4.335629794e-17
   1e+05     63.1 1.538242715e-19 1.962245553e-17 6.638848433e-18
   1e+05      100 4.293355919e-19 9.279075306e-17 6.788903626e-17
   1e+05      158 7.316425832e-19 3.170398592e-16 4.667627064e-16
   1e+05      251 3.707854602e-19 1.174231561e-16 1.580994122e-16
   1e+05      398 6.314598354e-19 3.461721149e-16 6.338447381e-16
   1e+05      631 4.265892401e-19 7.185894933e-16 1.487254098e-15
   1e+05    1e+03 3.962873461e-19 4.699957207e-15 2.691059004e-15
   1e+05 1.58e+03 4.602510358e-19 1.656015154e-15 1.777973164e-15
   1e+05 2.51e+03 1.368785788e-18 3.439784133e-15 1.521709937e-15
   1e+05 3.98e+03               0 2.917042914e-15 9.858072411e-15
   1e+05 6.31e+03 7.398712404e-20 1.782648023e-13 1.592530281e-13
   1e+05    1e+04 6.887316644e-20 2.715589551e-13 2.267800008e-13
   1e+05 1.58e+04 3.850454655e-19 1.508329763e-13 4.404568984e-14
   1e+05 2.51e+04 8.980911651e-19 3.858547565e-13  6.22393134e-13
   1e+05 3.98e+04 2.797749523e-19 6.010696156e-12  6.15217481e-12
   1e+05 6.31e+04 1.153051003e-18 1.842205358e-12 1.467326129e-12
   1e+05    1e+05 1.969465247e-19 4.005620446e-13 1.064093754e-13
   1e+05 1.58e+05 7.428713632e-19 3.764900581e-11 4.053706207e-11
   1e+05 2.51e+05 1.759704889e-19  1.20559861e-10 1.260644477e-10
   1e+05 3.98e+05 2.515932028e-19 6.407835126e-11 6.702534842e-11
   1e+05 6.31e+05 4.025669617e-19 1.339895738e-10 1.247100431e-10
   1e+05    1e+06 7.015632619e-19  3.64860779e-09 4.016828055e-09
   1e+05 1.58e+06 7.619715877e-19 3.459854126e-09 3.864420606e-09
   1e+05 2.51e+06 1.505307295e-19 3.692423389e-09 4.125972006e-09
   1e+05 3.98e+06 7.516533621e-20 2.449714192e-08 2.863869753e-08
   1e+05 6.31e+06 3.794992433e-19 1.525762843e-08 1.826671676e-08
   1e+05    1e+07  1.54931628e-19  3.45555019e-08 4.145497078e-08
   1e+05 1.58e+07 1.836688393e-18 7.060233409e-08 8.590194853e-08
   1e+05 2.51e+07 1.079799151e-18 1.130762744e-07 1.356660716e-07
   1e+05 3.98e+07 2.612216777e-19 9.540985622e-08 1.151389848e-07
   1e+05 6.31e+07 9.188789076e-20 5.754709219e-07 6.863089229e-07
   1e+05    1e+08 5.850166447e-19 9.998344689e-07 1.180313696e-06
   1e+05 1.58e+08 1.039238759e-18 1.896904573e-06 2.209840918e-06
   1e+05 2.51e+08 5.558174835e-19 2.830839383e-06 3.255443618e-06
   1e+05 3.98e+08 1.192415312e-19 1.298962236e-05 1.475308725e-05
   1e+05 6.31e+08 1.858695036e-18 1.087764969e-05 1.219717293e-05
   1e+05    1e+09 5.521304479e-19 1.115881262e-05 1.234356615e-05
   1e+05 1.58e+09 5.953050498e-19 1.442501831e-05 1.581027879e-05
   1e+05 2.51e+09               0 2.057205688e-05 2.224323164e-05
   1e+05 3.98e+09 4.336867299e-19 3.632380982e-05 3.892490401e-05
   1e+05 6.31e+09 3.749224495e-19 0.0001177377356   0.00012507743
   1e+05    1e+10 6.079753875e-19 0.0001344669879 0.0001417675191
   1e+06   0.0001  1.12012236e-19 6.414674595e-19  1.50544694e-18
   1e+06 0.000158 8.480987689e-19 1.166304848e-19 9.714320173e-18
   1e+06 0.000251 1.694526402e-18 2.332610887e-19 1.440577102e-17
   1e+06 0.000398  1.68816655e-19 1.166306387e-18 3.852837043e-18
   1e+06 0.000631 5.680844538e-19 5.831539419e-20 3.448953014e-18
   1e+06    0.001 7.168712023e-19 5.831551275e-20 3.763636025e-18
   1e+06  0.00158 9.611635009e-19  1.74947102e-19 3.408560201e-18
   1e+06  0.00251 4.280802191e-19 1.749479955e-19 3.714034135e-18
   1e+06  0.00398 7.202559647e-19 5.831647054e-20 4.548578031e-18
   1e+06  0.00631 1.704146753e-19  1.74951656e-19 1.060162192e-18
   1e+06     0.01 5.734401067e-19 5.831840436e-20 4.592759946e-18
   1e+06   0.0158 9.044823446e-20               0  1.86420296e-18
   1e+06   0.0251  4.56505213e-19  3.49939572e-19 1.618057438e-18
   1e+06   0.0398 3.599859012e-19 8.749197385e-19 2.230135593e-18
   1e+06   0.0631 2.724930362e-19  5.83354644e-20 1.237243152e-18
   1e+06      0.1 6.874466879e-19 1.750419687e-19 3.222131043e-18
   1e+06    0.158 6.502059277e-19 4.085628322e-19 1.388146698e-18
   1e+06    0.251 5.464461288e-19               0 1.937045546e-18
   1e+06    0.398 6.310865076e-19 6.428745546e-19 1.187100369e-18
   1e+06    0.631 2.166411734e-19 2.925900913e-19 9.973268176e-19
   1e+06        1 2.722853962e-19 1.759102508e-19 2.639776632e-19
   1e+06     1.58 4.552418583e-19 5.882507791e-20 1.119256334e-18
   1e+06     2.51 4.265957221e-19 2.364957239e-19 6.685951941e-19
   1e+06     3.98 5.300414383e-19 2.383940296e-19 8.901366237e-19
   1e+06     6.31 5.441720392e-20 6.035293639e-20 7.143216006e-20
   1e+06       10 6.619894193e-20 3.693248576e-19 1.154673307e-19
   1e+06     15.8 3.953785617e-19 6.347099984e-20 5.661201637e-19
   1e+06     25.1 9.211685417e-20 5.323103594e-19 2.351604386e-19
   1e+06     39.8 1.039007238e-19 1.286353346e-18 1.334384477e-18
   1e+06     63.1 4.513021664e-19 7.144736121e-19 1.938339935e-18
   1e+06      100 1.177218196e-19 5.525200755e-19               0
   1e+06      158               0 3.588967398e-18 3.232024126e-18
   1e+06      251 1.503037366e-18 5.572611089e-18 2.105819477e-18
   1e+06      398 6.083894303e-19   1.5034398e-18 1.059450922e-17
   1e+06      631  1.04486141e-19 8.233390214e-18 1.467337078e-17
   1e+06    1e+03 9.797036521e-20 3.880110583e-17 3.156026344e-17
   1e+06 1.58e+03 1.829839282e-19 5.557132875e-17  6.56567371e-17
   1e+06 2.51e+03 2.558008354e-19 8.744978314e-17 6.196274933e-17
   1e+06 3.98e+03 5.557649476e-19 9.357549075e-17 6.358159573e-17
   1e+06 6.31e+03 5.913213456e-19 2.830861468e-16 3.863203958e-16
   1e+06    1e+04 5.506943495e-19 8.183030562e-16 3.720225837e-16
   1e+06 1.58e+04 8.981815831e-19 1.083172168e-15 7.812248484e-17
   1e+06 2.51e+04 5.986339593e-20 8.378980432e-16 2.748353544e-15
   1e+06 3.98e+04 5.035520588e-19 1.067879815e-15 3.550016224e-15
   1e+06 6.31e+04 5.240897241e-19  5.94956368e-16 5.066350124e-15
   1e+06    1e+05 9.847075264e-20 8.099941198e-15 1.029527653e-15
   1e+06 1.58e+05 1.857152346e-19 9.305047366e-16 7.167489202e-15
   1e+06 2.51e+05 1.759691211e-19 2.245015359e-13 2.986519238e-13
   1e+06 3.98e+05 7.547763333e-19 4.058952138e-15 1.535890335e-14
   1e+06 6.31e+05 3.220527814e-19 7.433869972e-14 2.392725194e-13
   1e+06    1e+06 1.559027292e-19 1.576331972e-12 1.782146064e-12
   1e+06 1.58e+06  3.80985485e-19 1.563099698e-12 1.483711409e-12
   1e+06 2.51e+06 1.505306573e-19 9.877126712e-12 1.130438089e-11
   1e+06 3.98e+06 5.261572013e-19 1.537508265e-11 1.827455385e-11
   1e+06 6.31e+06 6.830985158e-19 4.964785139e-11 5.902772382e-11
   1e+06    1e+07               0 7.569232669e-12 7.634408341e-12
   1e+06 1.58e+07 1.277696179e-18 9.700951969e-11 1.160868639e-10
   1e+06 2.51e+07 7.475532221e-19  7.23606141e-11 8.313055767e-11
   1e+06 3.98e+07 2.612216691e-19 5.532143814e-10 6.565911014e-10
   1e+06 6.31e+07 2.021533551e-18 1.538797694e-10 1.588648516e-10
   1e+06    1e+08 9.750277258e-20 2.585995277e-09 3.028586762e-09
   1e+06 1.58e+08 5.196193738e-19 7.970735487e-10 9.129782739e-10
   1e+06 2.51e+08 7.781444707e-19 8.526417493e-10 9.832332608e-10
   1e+06 3.98e+08 1.371277601e-18   1.0458411e-09 1.105923814e-09
   1e+06 6.31e+08 1.794602097e-18 9.305529343e-09 1.056710994e-08
   1e+06    1e+09 1.173277198e-18 3.242983492e-09 3.617977811e-09
   1e+06 1.58e+09 2.976525242e-19 6.335988894e-09 6.942778963e-09
   1e+06 2.51e+09 3.373015346e-18 3.913400427e-09 3.873019713e-09
   1e+06 3.98e+09  1.47453488e-18  2.47725105e-08 2.647644086e-08
   1e+06 6.31e+09 1.874612246e-19 4.642094503e-08 4.983879879e-08
   1e+06    1e+10 7.093046184e-19 3.030030455e-07 3.190537737e-07
   1e+07   0.0001  7.16879075e-19 1.742863925e-19   6.3802241e-18
   1e+07 0.000158 2.035440487e-18  2.32381859e-19 2.260991905e-17
   1e+07 0.000251 1.284276083e-18               0 1.152460136e-17
   1e+07 0.000398               0 1.161909343e-19 4.994407774e-19
   1e+07 0.000631 2.272353113e-18  1.16190939e-18 2.035440824e-17
   1e+07    0.001 3.584394256e-19 9.876230451e-19 4.211665449e-18
   1e+07  0.00158 9.951037459e-19 1.161909583e-19 9.799527664e-18
   1e+07  0.00251 1.712366768e-19 5.228593966e-19 2.250899595e-18
   1e+07  0.00398               0 5.809550334e-20 5.351154544e-19
   1e+07  0.00631 2.181454691e-18 4.647642149e-19 1.759809962e-17
   1e+07     0.01 5.735012904e-20 1.742866924e-19 5.600627774e-19
   1e+07   0.0158 1.447416468e-18 2.323824927e-19 1.171685582e-17
   1e+07   0.0251 4.566275573e-19 5.809571679e-20 3.094999194e-18
   1e+07   0.0398 2.881110426e-19 4.647669212e-19 2.118178628e-18
   1e+07   0.0631 7.271372401e-19 1.742883009e-19 5.300685119e-18
   1e+07      0.1 9.175734178e-19 4.066753107e-19 6.370814483e-18
   1e+07    0.158 9.841944999e-19 5.809706358e-20 5.381455488e-18
   1e+07    0.251 2.922187206e-19 5.809799968e-20 2.725817408e-18
   1e+07    0.398 8.296566867e-19 1.742984499e-19  4.45960318e-18
   1e+07    0.631 1.221349983e-18 1.743055041e-19 7.233945749e-18
   1e+07        1 7.338296462e-20 6.391611761e-19 7.877248036e-19
   1e+07     1.58 7.406741145e-19 1.162229363e-19 3.884494501e-18
   1e+07     2.51 5.839795581e-19 1.743624899e-19  1.70431024e-18
   1e+07     3.98 1.473114827e-19 5.232210149e-19 1.220187771e-18
   1e+07     6.31  1.85744755e-19 5.815918781e-20 1.312801869e-18
   1e+07       10 4.096665798e-19               0 1.643679678e-18
   1e+07     15.8 5.896252925e-19               0 1.477708948e-18
   1e+07     25.1 9.271106326e-20 5.834927567e-20 4.829599826e-19
   1e+07     39.8 5.820337672e-20 3.509872605e-19 6.577745893e-19
   1e+07     63.1  6.55824322e-19  1.76200845e-19 1.221190286e-18
   1e+07      100               0 1.773233539e-19 2.087011436e-19
   1e+07      158 2.248574657e-19 3.582129536e-19 2.227465919e-19
   1e+07      251 2.754798802e-19 3.032374144e-19 5.379920849e-19
   1e+07      398 8.310259122e-20 5.593826213e-19   5.0983139e-19
   1e+07      631 4.907489854e-19 2.582360342e-19 7.795762375e-19
   1e+07    1e+03 2.816402468e-19 6.841133726e-20 3.022775441e-19
   1e+07 1.58e+03 2.496614755e-19 9.697383939e-19 6.098806221e-19
   1e+07 2.51e+03 1.994992624e-19 8.451451312e-20 3.915470813e-19
   1e+07 3.98e+03 7.498585623e-19 1.303695256e-18 1.843956212e-18
   1e+07 6.31e+03 6.085223784e-19 6.238355843e-20 8.018927617e-19
   1e+07    1e+04 7.854367184e-19 2.419055018e-19 5.020733274e-18
   1e+07 1.58e+04 5.614655512e-19 2.772278825e-18 5.523881746e-19
   1e+07 2.51e+04 5.894834221e-20 1.922387793e-18 2.362506389e-17
   1e+07 3.98e+04 4.438366825e-19 2.193508379e-18  5.67271554e-18
   1e+07 6.31e+04 5.216684193e-19 5.254229055e-17 5.596864297e-17
   1e+07    1e+05 1.964413148e-19 2.173886505e-17 4.497603555e-17
   1e+07 1.58e+05 9.272755846e-20 1.282498994e-16  1.05088123e-16
   1e+07 2.51e+05 9.670786937e-19 1.619458617e-16 8.383608825e-17
   1e+07 3.98e+05 5.867936954e-19 6.407307469e-16 5.234951737e-16
   1e+07 6.31e+05  8.04935035e-20 6.221213208e-16 3.634252442e-16
   1e+07    1e+06 7.794047448e-20 9.119550864e-16 1.081329637e-15
   1e+07 1.58e+06 5.333364446e-19 3.615178829e-15  1.00769749e-15
   1e+07 2.51e+06 1.505234448e-19 4.072834218e-15 5.837338763e-15
   1e+07 3.98e+06 7.516313985e-20 1.330336443e-14 1.481064383e-14
   1e+07 6.31e+06 8.348832597e-19 2.000624536e-14 1.582163942e-14
   1e+07    1e+07 7.746492863e-19 1.073142174e-13 1.229916254e-13
   1e+07 1.58e+07 4.791325532e-19 5.749907757e-14 5.586972628e-14
   1e+07 2.51e+07  4.15305327e-19 5.062263486e-14  7.25336173e-14
   1e+07 3.98e+07               0 7.835160153e-14 3.315537331e-14
   1e+07 6.31e+07 4.594384045e-19 6.124881862e-13 7.973207459e-13
   1e+07    1e+08               0 2.080864093e-13   5.6507366e-13
   1e+07 1.58e+08 9.353138295e-19 9.546138935e-13 1.029506462e-12
   1e+07 2.51e+08 3.334902221e-19 2.786738144e-13 1.635196915e-13
   1e+07 3.98e+08 9.539316985e-19 1.810250426e-12 1.785636132e-12
   1e+07 6.31e+08 1.025486489e-18 3.611846407e-12 5.491362759e-12
   1e+07    1e+09 2.760651403e-19 6.997168776e-12 7.934998645e-12
   1e+07 1.58e+09 2.306806559e-18 1.878089889e-12 3.735007707e-12
   1e+07 2.51e+09               0 2.255633004e-12 2.142916003e-12
   1e+07 3.98e+09 1.040848029e-18 8.755401435e-11 9.190653392e-11
   1e+07 6.31e+09 9.373060428e-20 8.882078403e-11 9.328032382e-11
   1e+07    1e+10 1.317279923e-18 1.022786793e-10 1.129494034e-10
   1e+08   0.0001 1.290382378e-18 1.120726126e-19  1.71334105e-17
   1e+08 0.000158 9.046402648e-19 9.526172071e-19 9.259840971e-18
   1e+08 0.000251               0 1.849198109e-18  6.66265988e-18
   1e+08 0.000398 1.584632611e-18 2.241452255e-19 1.641019587e-17
   1e+08 0.000631 2.726824314e-19               0 5.145141533e-18
   1e+08    0.001 5.161529465e-19 3.362178393e-19 6.631131712e-18
   1e+08  0.00158 6.513409809e-19 1.120726135e-19 6.035939333e-18
   1e+08  0.00251 1.004589353e-18 1.344871368e-18 8.328324959e-18
   1e+08  0.00398 2.304920075e-19               0 1.070230187e-18
   1e+08  0.00631 7.271531071e-20 1.681089245e-19 2.473625818e-18
   1e+08     0.01 9.176051513e-20 1.456944041e-18 2.968327693e-18
   1e+08   0.0158  2.89484837e-19 3.362178662e-19 3.106733735e-18
   1e+08   0.0251 8.767323178e-19 6.163994521e-19 9.425639269e-18
   1e+08   0.0398 9.219676826e-20 1.232799002e-18 5.629857874e-18
   1e+08   0.0631 1.163444277e-19 5.603632529e-19 8.834380804e-20
   1e+08      0.1 6.606750837e-19 6.724360371e-19 4.410489184e-18
   1e+08    0.158 6.484450621e-19 2.241454163e-19 3.716988051e-18
   1e+08    0.251 7.013841867e-19 1.120727641e-19 3.956663416e-18
   1e+08    0.398 5.900570936e-19 2.241457055e-19 1.741915058e-18
   1e+08    0.631 5.584499178e-19 1.681094899e-19 1.877312048e-18
   1e+08        1 9.983440109e-19 1.681098239e-19 5.863180631e-18
   1e+08     1.58 9.633896412e-19 6.724414134e-19 2.773894419e-18
   1e+08     2.51 1.028672352e-18 1.681111924e-19 6.594524706e-18
   1e+08     3.98  6.49038348e-19 5.603750742e-20 4.267779771e-18
   1e+08     6.31               0 4.483056799e-19 3.865180356e-18
   1e+08       10               0 5.043539112e-19 1.039236886e-18
   1e+08     15.8 2.371065003e-19 2.241643529e-19 9.536043747e-19
   1e+08     25.1 7.479475425e-20 1.120877704e-19 8.931245791e-19
   1e+08     39.8 3.774800959e-19 2.241932725e-19 1.306732221e-18
   1e+08     63.1               0 1.681660318e-19 1.726090089e-19
   1e+08      100 3.754563338e-19 4.485318343e-19 1.573342886e-18
   1e+08      158 9.470060822e-20  2.80420641e-19  8.13397267e-19
   1e+08      251  4.17857901e-19 3.366726074e-19 1.461812019e-18
   1e+08      398 1.504258702e-19 1.684693168e-19 2.727964792e-19
   1e+08      631 4.734089828e-19 5.622671805e-20 1.082327237e-19
   1e+08    1e+03 5.951131906e-20 1.126762487e-19 8.595007836e-20
   1e+08 1.58e+03 2.239370041e-19 5.086327007e-19 1.025082463e-18
   1e+08 2.51e+03 5.598444896e-19  2.83973995e-19  9.79946163e-19
   1e+08 3.98e+03 5.800847213e-19 5.723897144e-20 6.090329065e-19
   1e+08 6.31e+03 4.292775772e-19 1.158873716e-19  4.19122349e-19
   1e+08    1e+04 1.743770845e-19 4.724982841e-19 6.779780268e-19
   1e+08 1.58e+04  3.13283088e-19 6.083873786e-20 6.469892688e-19
   1e+08 2.51e+04 3.053612626e-19 7.002670468e-19 4.613231868e-19
   1e+08 3.98e+04  2.07901555e-19  6.81395901e-19 3.932381914e-19
   1e+08 6.31e+04  6.07278281e-19 6.769927448e-19 1.733049276e-19
   1e+08    1e+05 5.612012258e-19 4.314970823e-19 1.062247912e-18
   1e+08 1.58e+05  1.63922784e-19 2.064555919e-19 2.046574872e-18
   1e+08 2.51e+05 8.177283066e-20 1.664840051e-18 1.542934191e-18
   1e+08 3.98e+05 1.608013105e-19 3.739404922e-18 3.195857604e-19
   1e+08 6.31e+05 3.929461193e-19 3.121183522e-18 9.126419907e-18
   1e+08    1e+06 3.843607502e-19               0 1.004687231e-18
   1e+08 1.58e+06   6.0464109e-19 4.799964327e-18  5.27238671e-17
   1e+08 2.51e+06 7.490346935e-19 3.171213864e-19 9.272358128e-17
   1e+08 3.98e+06 1.124198193e-18 2.231862731e-17 1.148930751e-16
   1e+08 6.31e+06  5.30341846e-19 9.987049377e-17 2.781534457e-16
   1e+08    1e+07               0 1.433283937e-17 2.430181006e-16
   1e+08 1.58e+07 3.989845904e-19 1.840424668e-16 2.511303103e-16
   1e+08 2.51e+07 7.471864847e-19  2.13371479e-16 4.382753554e-16
   1e+08 3.98e+07 6.963599947e-19 1.134351102e-16 2.737484894e-16
   1e+08 6.31e+07 3.674676349e-19 1.214414954e-15 1.010364798e-15
   1e+08    1e+08 5.849233702e-19 2.401120235e-15 5.186462064e-17
   1e+08 1.58e+08 1.454770351e-18  1.68734967e-16 2.008321314e-15
   1e+08 2.51e+08 3.334636893e-19 3.419516947e-16 4.695788832e-15
   1e+08 3.98e+08 2.384692885e-19  4.83793873e-15 6.748187362e-16
   1e+08 6.31e+08 6.409025654e-20 3.618254118e-15 1.124481964e-14
   1e+08    1e+09 1.242255854e-18 1.615115474e-14 1.880048496e-14
   1e+08 1.58e+09               0 1.302535394e-16 1.783742986e-14
   1e+08 2.51e+09 1.445554699e-18  2.57281969e-14 5.227311937e-14
   1e+08 3.98e+09 3.469452907e-19 6.816833027e-14 1.120409863e-13
   1e+08 6.31e+09 8.435682194e-19 1.658223018e-13 1.038947552e-13
   1e+08    1e+10 7.093001217e-19 4.547951323e-14   9.0341919e-14
   1e+09   0.0001 4.267145532e-19               0 6.133819427e-20
   1e+09 0.000158               0 6.743821276e-20               0
   1e+09 0.000251 1.066786383e-19 1.068823643e-19 9.675446042e-20
   1e+09 0.000398 1.493500936e-18               0 6.075905408e-20
   1e+09 0.000631 7.467504681e-19               0 2.289297653e-19
   1e+09    0.001 1.706858213e-18               0               0
   1e+09  0.00158  1.28014366e-18 8.429776595e-20   6.0185382e-20
   1e+09  0.00251 6.400718298e-19  6.68014777e-20 1.511788444e-19
   1e+09  0.00398 1.066786383e-19 1.058732072e-19               0
   1e+09  0.00631 2.880323234e-18               0 2.384685055e-19
   1e+09     0.01 1.066786383e-18 6.648536819e-20 7.487572542e-20
   1e+09   0.0158 4.267145532e-19 1.053722074e-19 9.403965937e-20
   1e+09   0.0251 2.560287319e-18 1.670036942e-19  5.90542361e-20
   1e+09   0.0398 3.200359149e-18               0               0
   1e+09   0.0631 2.240251404e-18 1.048735784e-19   1.8630352e-19
   1e+09      0.1 2.133572765e-19 8.310671026e-20  5.84966605e-20
   1e+09    0.158 2.133572764e-19 6.585762971e-20 1.469369679e-19
   1e+09    0.251 2.987001865e-18               0 9.227224408e-20
   1e+09    0.398 1.066786377e-19 8.271344363e-20 1.158886993e-19
   1e+09    0.631 4.267145467e-19               0 7.277481334e-20
   1e+09        1 4.267145368e-19 1.038833915e-19 1.828020694e-19
   1e+09     1.58  7.46750396e-19 8.232204449e-20               0
   1e+09     2.51 6.400716745e-19               0  1.44175408e-19
   1e+09     3.98 1.386821453e-18 2.067837257e-19 9.053808834e-20
   1e+09     6.31 8.534277997e-19 8.193260031e-20 2.274215568e-19
   1e+09       10 2.560277472e-18 6.492735064e-20  1.42814535e-19
   1e+09     15.8 1.920196938e-18               0               0
   1e+09     25.1 8.534083966e-19 8.154662114e-20 1.689586784e-19
   1e+09     39.8 4.480229715e-18               0 5.658893174e-19
   1e+09     63.1 7.466361537e-19               0               0
   1e+09      100 2.132752637e-19               0 2.232130448e-19
   1e+09      158 1.065757243e-18 6.437210094e-20               0
   1e+09      251 9.577862397e-19 1.021617046e-19 2.644847404e-19
   1e+09      398 1.060342341e-18 8.123314073e-20 1.110355272e-19
   1e+09      631 8.406539276e-19 6.491706221e-20 7.021007133e-20
   1e+09    1e+03  5.13989338e-19               0 1.793234871e-19
   1e+09 1.58e+03 7.812697685e-19 8.726374707e-20 5.849049867e-20
   1e+09 2.51e+03 1.225357861e-18               0 7.935288683e-20
   1e+09 3.98e+03 6.443508988e-19 7.233974437e-20 2.820412524e-19
   1e+09 6.31e+03 6.347118701e-19 7.336172562e-20               0
   1e+09    1e+04 2.167772118e-19               0 3.201084761e-19
   1e+09 1.58e+04 3.775560401e-19               0 9.003378967e-19
   1e+09 2.51e+04 6.032973428e-20  1.63683819e-19 2.309782822e-19
   1e+09 3.98e+04 5.344128263e-19 7.088771706e-20 9.038707065e-19
   1e+09 6.31e+04   1.9215726e-19 8.072787058e-20 2.492852324e-19
   1e+09    1e+05 7.825072339e-19 4.289279249e-19 8.086265615e-19
   1e+09 1.58e+05   6.7537895e-19 4.426509249e-19 4.891828567e-19
   1e+09 2.51e+05 2.787261228e-19 9.055835861e-20 3.515769783e-19
   1e+09 3.98e+05 5.694947362e-20               0 2.864773893e-19
   1e+09 6.31e+05 2.754531489e-19 4.791887964e-19  5.91115149e-20
   1e+09    1e+06 8.177808202e-20 1.003305495e-19 4.969017282e-19
   1e+09 1.58e+06 9.500965201e-20 6.417556705e-19   1.7112226e-19
   1e+09 2.51e+06               0 5.827032127e-20 3.788754631e-19
   1e+09 3.98e+06 4.182577143e-19 2.599130265e-19 1.451539736e-18
   1e+09 6.31e+06 1.300434483e-19               0 2.265675356e-18
   1e+09    1e+07 6.984903014e-20 1.285629278e-18 1.420966472e-18
   1e+09 1.58e+07 2.979976067e-19 3.910145994e-18 4.821829855e-18
   1e+09 2.51e+07 7.132202747e-19 3.711416025e-18 1.148694259e-18
   1e+09 3.98e+07 9.274355064e-19 3.464854858e-18 1.197840973e-17
   1e+09 6.31e+07 8.086919406e-19 9.366594054e-18 4.851199006e-18
   1e+09    1e+08 9.598227469e-20 6.118431472e-18 5.906062289e-18
   1e+09 1.58e+08 5.138570244e-19 1.305457836e-17 3.004203429e-17
   1e+09 2.51e+08 3.859806763e-19 2.230184172e-18 9.671311967e-18
   1e+09 3.98e+08 4.742337738e-19 1.718459003e-17  1.81788653e-17
   1e+09 6.31e+08 5.744424482e-19 9.010556337e-17 5.326544523e-17
   1e+09    1e+09 4.128481065e-19 3.696549657e-17 1.539469674e-16
   1e+09 1.58e+09 1.484986943e-19 7.591954621e-17 4.442873573e-17
   1e+09 2.51e+09  4.81084151e-19 9.987402519e-19 1.267337829e-16
   1e+09 3.98e+09 8.663518785e-20 6.991749742e-17 2.345221036e-16
   1e+09 6.31e+09 6.555478304e-19 3.709110724e-17 6.975559498e-17
   1e+09    1e+10 2.025300896e-19 2.524383491e-16 4.274193338e-16
   1e+10   0.0001 2.041143656e-19 1.224422592e-19  7.71145068e-20
   1e+10 0.000158 2.041143656e-19  9.70289515e-20               0
   1e+10 0.000251 1.020571828e-19               0               0
   1e+10 0.000398               0 6.093142668e-20 7.638641054e-20
   1e+10 0.000631 6.123430968e-19               0 9.593699409e-20
   1e+10    0.001 2.041143656e-19 7.652641197e-20 6.024570844e-20
   1e+10  0.00158 1.020571828e-19               0               0
   1e+10  0.00251 4.082287312e-19 9.611282794e-20 9.503118053e-20
   1e+10  0.00398  5.10285914e-19 7.616428336e-20 5.967688323e-20
   1e+10  0.00631 2.041143656e-19  6.03561271e-20 7.495077664e-20
   1e+10     0.01 6.123430968e-19 9.565801496e-20               0
   1e+10   0.0158 2.041143656e-19 1.516077367e-19 5.911342874e-20
   1e+10   0.0251 2.041143656e-19 6.007051746e-20 7.424310979e-20
   1e+10   0.0398  5.10285914e-19               0 9.324513005e-20
   1e+10   0.0631 4.082287312e-19 7.544515887e-20 1.756658827e-19
   1e+10      0.1               0 5.978625935e-20               0
   1e+10    0.158 3.061715484e-19 9.475483545e-20 9.236473241e-20
   1e+10    0.251 4.082287312e-19               0  1.16004859e-19
   1e+10    0.398               0 5.950334637e-20               0
   1e+10    0.631               0 9.430644859e-20               0
   1e+10        1               0               0 1.149095696e-19
   1e+10     1.58 4.082287312e-19 1.184435443e-19 7.215994719e-20
   1e+10     2.51 4.082287312e-19 9.386018354e-20 1.812575923e-19
   1e+10     3.98 6.123430968e-19 7.437918296e-20 5.691231082e-20
   1e+10     6.31 1.020571828e-18 5.894153037e-20  2.14435892e-19
   1e+10       10 3.061715484e-19               0 8.977310126e-20
   1e+10     15.8               0  7.40272152e-20 5.637495875e-20
   1e+10     25.1  5.10285914e-19               0 1.416074939e-19
   1e+10     39.8 6.123430968e-19 9.297397871e-20 1.778509713e-19
   1e+10     63.1 2.041143656e-19 7.367691296e-20               0
   1e+10      100 8.164574624e-19  5.83850189e-20 2.104057061e-19
   1e+10      158 4.082287312e-19               0 1.761717461e-19
   1e+10      251 3.061715484e-19               0               0
   1e+10      398 6.123430968e-19 5.810873669e-20 6.947303567e-20
   1e+10      631 4.082287312e-19               0 8.725418783e-20
   1e+10    1e+03 3.061715484e-19               0 1.095863053e-19
   1e+10 1.58e+03 1.020571828e-19               0 1.376341766e-19
   1e+10 2.51e+03 4.082287311e-19               0 8.643035521e-20
   1e+10 3.98e+03 1.020571827e-19  7.26359209e-20               0
   1e+10 6.31e+03 8.164574606e-19 1.151201766e-19  2.04502003e-19
   1e+10    1e+04 4.082287289e-19 9.122659231e-20 8.561430123e-20
   1e+10 1.58e+04 4.082287253e-19               0               0
   1e+10 2.51e+04               0 5.728771079e-20               0
   1e+10 3.98e+04 3.061715203e-19 9.079490549e-20 8.480595571e-20
   1e+10 6.31e+04 3.061714779e-19               0 1.065114722e-19
   1e+10    1e+05 6.123427427e-19  1.14033275e-19  2.00658577e-19
   1e+10 1.58e+05 8.164562763e-19  1.80730645e-19 2.520158906e-19
   1e+10 2.51e+05 3.061704311e-19 7.160977557e-20 1.055060006e-19
   1e+10 3.98e+05 5.102812365e-19               0               0
   1e+10 6.31e+05  2.04109666e-19 1.798774703e-19               0
   1e+10    1e+06 1.020512806e-19 7.127295912e-20 1.045127206e-19
   1e+10 1.58e+06 3.061270766e-19 5.648263027e-20 6.563394105e-20
   1e+10 2.51e+06 4.080798315e-19 8.952934943e-20  8.24417119e-20
   1e+10 3.98e+06 4.078549924e-19               0   1.0357114e-19
   1e+10 6.31e+06 6.109375596e-19 1.125589275e-19 1.301708929e-19
   1e+10    1e+07 1.014715214e-18 1.787201765e-19 1.637743644e-19
   1e+10 1.58e+07 2.012063932e-19 1.422686787e-19               0
   1e+10 2.51e+07 1.970167406e-19 5.699253548e-20 6.555204642e-20
   1e+10 3.98e+07 1.874610477e-19 1.852909557e-19 8.435102804e-20
   1e+10 6.31e+07 2.522024346e-19 7.735385684e-20 5.567163178e-20
   1e+10    1e+08 2.733220207e-19               0 1.514990766e-19
   1e+10 1.58e+08 9.863068218e-20               0 3.089041441e-19
   1e+10 2.51e+08 2.577178135e-19               0 7.153826878e-19
   1e+10 3.98e+08 5.532457327e-19 4.610900483e-19 1.450478906e-19
   1e+10 6.31e+08 7.483823671e-19 1.664141057e-19 2.896896118e-19
   1e+10    1e+09 4.334385469e-19 9.822848674e-20 6.780359516e-19
   1e+10 1.58e+09 3.709642585e-19 7.322523093e-19 1.296629622e-18
   1e+10 2.51e+09 7.672552221e-19 7.688202312e-19 2.342409101e-18
   1e+10 3.98e+09 4.678221988e-19 5.468472236e-18 4.232756248e-18
   1e+10 6.31e+09 1.038215421e-18 1.249085444e-18 4.019130222e-18
   1e+10    1e+10 2.863198618e-19  1.90983546e-18 4.819858959e-18
   1e+11   0.0001 3.116541972e-19               0               0
   1e+11 0.000158 9.349625915e-19               0  2.86575529e-19
   1e+11 0.000251 1.558270986e-19 7.771881207e-20 5.998709858e-20
   1e+11 0.000398 3.116541972e-19 1.231760162e-19               0
   1e+11 0.000631 8.570490422e-19               0 9.462325105e-20
   1e+11    0.001 4.674812958e-19               0 1.188414302e-19
   1e+11  0.00158 1.558270986e-19               0               0
   1e+11  0.00251 3.116541972e-19               0 1.874596831e-19
   1e+11  0.00398 2.337406479e-19 7.698501011e-20               0
   1e+11  0.00631 6.233083944e-19 6.100650922e-20 1.478488298e-19
   1e+11     0.01 1.558270986e-19               0 9.284486735e-20
   1e+11   0.0158 3.895677465e-19 7.662071137e-20               0
   1e+11   0.0251 6.233083944e-19 6.071782193e-20 1.464528774e-19
   1e+11   0.0398 1.558270986e-19 9.623126263e-20               0
   1e+11   0.0631 6.233083944e-19               0 1.732603474e-19
   1e+11      0.1 6.233083944e-19 6.043050072e-20 7.253505262e-20
   1e+11    0.158 3.116541972e-19               0 9.109990724e-20
   1e+11    0.251 8.570490422e-19 7.589727741e-20 1.144163105e-19
   1e+11    0.398 4.674812958e-19 6.014453915e-20 7.185019444e-20
   1e+11    0.631 3.895677465e-19 9.532267065e-20               0
   1e+11        1 7.791354929e-20               0               0
   1e+11     1.58 1.558270986e-19 5.985993076e-20               0
   1e+11     2.51 4.674812958e-19               0 1.787754851e-19
   1e+11     3.98               0               0 1.122659288e-19
   1e+11     6.31 7.791354929e-19 5.957666916e-20 2.114994475e-19
   1e+11       10 7.791354929e-20               0               0
   1e+11     15.8 8.570490422e-19 7.482491345e-20 1.112059415e-19
   1e+11     25.1 7.791354929e-19               0 6.983417386e-20
   1e+11     39.8 5.453948451e-19               0 8.770775689e-20
   1e+11     63.1 5.453948451e-19 7.447083645e-20 5.507798112e-20
   1e+11      100 7.791354929e-19 1.180283217e-19 2.766992669e-19
   1e+11      158 3.116541972e-19 9.353114181e-20 2.606389253e-19
   1e+11      251 3.116541972e-19               0  1.63673845e-19
   1e+11      398 1.012876141e-18               0 2.740867403e-19
   1e+11      631 4.674812958e-19 9.308854556e-20  1.72118691e-19
   1e+11    1e+03 5.453948451e-19 7.376770108e-20 2.161713023e-19
   1e+11 1.58e+03 7.791354929e-19 1.169139273e-19 6.787472013e-20
   1e+11 2.51e+03 4.674812958e-19 9.264804371e-20 1.704935885e-19
   1e+11 3.98e+03 3.116541972e-19               0               0
   1e+11 6.31e+03 5.453948451e-19  1.16360682e-19 6.723386367e-20
   1e+11    1e+04 3.895677465e-19 9.220962635e-20 8.444191494e-20
   1e+11 1.58e+04 7.791354929e-20 7.307120454e-20               0
   1e+11 2.51e+04 5.453948451e-19 5.790502732e-20 1.997971741e-19
   1e+11 3.98e+04 4.674812958e-19               0  8.36446351e-20
   1e+11 6.31e+04               0               0  1.05052912e-19
   1e+11    1e+05 3.116541972e-19 1.152620329e-19 1.979107382e-19
   1e+11 1.58e+05 4.674812958e-19 9.133900567e-20               0
   1e+11 2.51e+05 6.233083944e-19 7.238128415e-20 2.081220563e-19
   1e+11 3.98e+05 3.116541972e-19 5.735830226e-20 1.306947423e-19
   1e+11 6.31e+05 1.558270986e-19 9.090678278e-20 8.207258749e-20
   1e+11    1e+06  5.45394845e-19               0 1.030785095e-19
   1e+11 1.58e+06 4.674812957e-19 5.708687855e-20 1.294607546e-19
   1e+11 2.51e+06 2.337406478e-19               0 8.129767826e-20
   1e+11 3.98e+06 4.674812954e-19 7.169787785e-20 1.021052675e-19
   1e+11 6.31e+06 9.349625896e-19               0 1.923576271e-19
   1e+11    1e+07 9.349625868e-19 9.004846346e-20 8.053008572e-20
   1e+11 1.58e+07 4.674812898e-19               0 1.011412152e-19
   1e+11 2.51e+07 3.895677339e-19               0 6.351381216e-20
   1e+11 3.98e+07 4.674812579e-19 8.962235091e-20 1.595394869e-19
   1e+11 6.31e+07 3.116541337e-19 1.420418626e-19               0
   1e+11    1e+08 3.116540378e-19               0               0
   1e+11 1.58e+08 3.116537968e-19 8.919830507e-20 7.901662465e-20
   1e+11 2.51e+08  4.67479787e-19               0 9.924049006e-20
   1e+11 3.98e+08  2.33738753e-19 1.120283885e-19               0
   1e+11 6.31e+08  3.11647851e-19 8.877705949e-20 7.827131581e-20
   1e+11    1e+09 3.116382569e-19               0               0
   1e+11 1.58e+09 4.674212419e-19               0 1.234713286e-19
   1e+11 2.51e+09 2.336652434e-19 8.837032233e-20 7.754401726e-20
   1e+11 3.98e+09 4.671027298e-19  1.40091673e-19 9.741461873e-20
   1e+11 6.31e+09 6.997979249e-19               0 1.836329958e-19
   1e+11    1e+10 4.651064832e-19 8.816196314e-20 7.699502129e-20
