   1e+04   0.0001 5.982987776e-30 1.772827531e-24 1.772825277e-24
   1e+04 0.000158 4.841370203e-30 1.432725652e-24 1.432723821e-24
   1e+04 0.000251 3.950826262e-30 1.167872975e-24 1.167871474e-24
   1e+04 0.000398 3.240888966e-30 9.569748197e-25 9.569735796e-25
   1e+04 0.000631 2.653775873e-30 7.844513127e-25  7.84450293e-25
   1e+04    0.001 2.127240514e-30  6.38723428e-25 6.387226237e-25
   1e+04  0.00158   1.6620976e-30 5.404127989e-25  5.40412246e-25
   1e+04  0.00251 5.847283271e-30 1.036471877e-24 1.036468015e-24
   1e+04  0.00398 6.299044134e-29 1.244456976e-24 1.244392496e-24
   1e+04  0.00631 8.333811187e-28 1.470924951e-22 1.470918994e-22
   1e+04     0.01 1.066872435e-28 2.265321004e-21 2.265326051e-21
   1e+04   0.0158  3.23258882e-26 3.941179865e-20 3.941193391e-20
   1e+04   0.0251 1.841288649e-24 6.486623149e-19 6.486613025e-19
   1e+04   0.0398 1.881632569e-23 3.876899883e-18  3.87694353e-18
   1e+04   0.0631 8.208620366e-23 1.126945762e-17 1.126967845e-17
   1e+04      0.1  7.74908431e-23 2.328916428e-17 2.328901047e-17
   1e+04    0.158 2.141163066e-21 2.183265825e-15 2.183266229e-15
   1e+04    0.251 7.871474615e-21 3.002624384e-14 3.002637519e-14
   1e+04    0.398 5.335352745e-21 2.994089357e-14 2.994107995e-14
   1e+04    0.631 4.343853224e-20 9.624328945e-13 9.624431587e-13
   1e+04        1 6.394417204e-18 2.247034731e-12 2.246784174e-12
   1e+04     1.58  2.18684685e-17 3.160985354e-10 3.161072126e-10
   1e+04     2.51 2.886746571e-18 1.128211002e-09 1.128243969e-09
   1e+04     3.98 1.720006047e-17  9.10994543e-10 9.110264262e-10
   1e+04     6.31 9.809597451e-18 1.755236326e-09 1.755337401e-09
   1e+04       10 3.288781225e-18 3.671732154e-09 3.672008378e-09
   1e+04     15.8  1.81935227e-18 6.704582257e-09 6.705263323e-09
   1e+04     25.1 1.360554924e-18 1.200964465e-08 1.201129955e-08
   1e+04     39.8 1.449168688e-18 2.083155962e-08 2.083545953e-08
   1e+04     63.1 2.183526128e-18 3.459313666e-08 3.460194322e-08
   1e+04      100 3.543354769e-18 5.481835225e-08 5.483733825e-08
   1e+04      158 5.347262148e-18  8.31419862e-08 8.318116859e-08
   1e+04      251 7.343995937e-18 1.213445233e-07  1.21422333e-07
   1e+04      398 9.307977721e-18 1.712588877e-07 1.714082826e-07
   1e+04      631 1.108703828e-17 2.343515284e-07 2.346295754e-07
   1e+04    1e+03 1.260529266e-17 3.106763881e-07 3.111776031e-07
   1e+04 1.58e+03 1.384388637e-17  3.96652276e-07 3.975222817e-07
   1e+04 2.51e+03 1.481795975e-17 4.806290148e-07    4.820624e-07
   1e+04 3.98e+03 1.555826058e-17 5.343229837e-07 5.364917656e-07
   1e+04 6.31e+03 1.609910807e-17 4.966237104e-07 4.993798796e-07
   1e+04    1e+04 1.647160232e-17 2.434964242e-07 2.454227041e-07
   1e+04 1.58e+04 1.670035812e-17 4.670839564e-07 4.713800817e-07
   1e+04 2.51e+04 1.680231382e-17 2.094271413e-06 2.121380587e-06
   1e+04 3.98e+04 1.678666112e-17 5.489658904e-06 5.585764708e-06
   1e+04 6.31e+04  1.66553984e-17  1.22007799e-05  1.24866772e-05
   1e+04    1e+05 1.640436095e-17 2.498312013e-05 2.576018067e-05
   1e+04 1.58e+05 1.602482643e-17   4.8636802e-05 5.062603627e-05
   1e+04 2.51e+05  1.55059165e-17 9.132167304e-05 9.617701595e-05
   1e+04 3.98e+05  1.48379625e-17  0.000166531057 0.0001778773427
   1e+04 6.31e+05 1.401670287e-17 0.0002959036347 0.0003212863716
   1e+04    1e+06  1.30476343e-17 0.0005130197985 0.0005672477924
   1e+04 1.58e+06 1.194925344e-17 0.0008682938034 0.0009785516727
   1e+04 2.51e+06 1.075373361e-17  0.001435113024  0.001647719717
   1e+04 3.98e+06 9.504183818e-18  0.002317578271  0.002705297449
   1e+04 6.31e+06 8.248943882e-18  0.003660586207  0.004328219324
   1e+04    1e+07 7.034649093e-18  0.005663484769  0.006748642173
   1e+04 1.58e+07 5.900211499e-18   0.00859901298   0.01026475442
   1e+04 2.51e+07 4.873213272e-18   0.01283968971   0.01525556777
   1e+04 3.98e+07 3.969048426e-18   0.01889435676   0.02220082193
   1e+04 6.31e+07 3.192211285e-18   0.02745838303   0.03170484173
   1e+04    1e+08 2.538757739e-18   0.03948224811   0.04451991567
   1e+04 1.58e+08 1.999065093e-18   0.05626496116   0.06156072021
   1e+04 2.51e+08 1.560324121e-18   0.07958116659   0.08389636416
   1e+04 3.98e+08  1.20847918e-18    0.1118540362    0.1127011908
   1e+04 6.31e+08 9.294560733e-19    0.1563904405    0.1491420017
   1e+04    1e+09 7.102504442e-19    0.2177008449    0.1941835796
   1e+04 1.58e+09 5.434278918e-19    0.3019344478    0.2483146398
   1e+04 2.51e+09 4.305584868e-19    0.4174710401    0.3112382254
   1e+04 3.98e+09 3.271105184e-19    0.5757261215    0.3816253875
   1e+04 6.31e+09  2.70708222e-21    0.7922472747    0.4570651997
   1e+04    1e+10 6.585659672e-19     1.088207039    0.5343085281
   1e+05   0.0001 4.675107377e-28 1.387579625e-23  1.38756212e-23
   1e+05 0.000158   3.3599948e-28 9.979533858e-24   9.9794082e-24
   1e+05 0.000251 2.458772382e-28 7.306275737e-24  7.30618384e-24
   1e+05 0.000398 1.832113408e-28 5.445183478e-24 5.445115018e-24
   1e+05 0.000631 1.389556584e-28  4.12935256e-24 4.129300616e-24
   1e+05    0.001 1.071905839e-28 3.183929244e-24 3.183889132e-24
   1e+05  0.00158 8.400220914e-29 2.493255012e-24 2.493223518e-24
   1e+05  0.00251 6.677461735e-29 1.979974211e-24 1.979949115e-24
   1e+05  0.00398 5.374239589e-29 1.591682282e-24 1.591662014e-24
   1e+05  0.00631 4.368886477e-29 1.292341465e-24 1.292324914e-24
   1e+05     0.01 3.575996173e-29 1.056717944e-24 1.056704331e-24
   1e+05   0.0158 2.933987684e-29 8.667020641e-25 8.666908251e-25
   1e+05   0.0251 2.387558298e-29 7.087007006e-25 7.086915471e-25
   1e+05   0.0398  1.86142279e-29 5.766992951e-25 5.766925745e-25
   1e+05   0.0631 2.084050839e-29 6.091064473e-25 6.090979652e-25
   1e+05      0.1 2.209476459e-28 2.146374564e-24 2.146188376e-24
   1e+05    0.158 3.306180267e-28 2.497276125e-23 2.497366794e-23
   1e+05    0.251  4.17504488e-26 1.610823508e-22 1.610385984e-22
   1e+05    0.398 6.796208137e-25 6.706862844e-21 6.706192287e-21
   1e+05    0.631 9.542140667e-24 4.263506041e-20 4.262322009e-20
   1e+05        1 2.370060886e-23 2.066274563e-18 2.066366965e-18
   1e+05     1.58   4.9271645e-22 5.922107659e-18 5.923249882e-18
   1e+05     2.51 8.672494058e-22 2.148719196e-17 2.149023192e-17
   1e+05     3.98 4.972695267e-21 3.734678971e-17 3.736759977e-17
   1e+05     6.31 4.678114897e-20 1.167511698e-14 1.167548472e-14
   1e+05       10 9.449573187e-20 4.113512463e-14 4.113721433e-14
   1e+05     15.8 1.094708252e-19 1.325201557e-14  1.32513414e-14
   1e+05     25.1 8.559533988e-18  8.32671527e-12 8.328142399e-12
   1e+05     39.8 9.111237698e-17 2.321834927e-10 2.322213049e-10
   1e+05     63.1 3.686986456e-18 8.970468231e-10 8.972748328e-10
   1e+05      100 1.475952223e-16  1.01272531e-09 1.013104787e-09
   1e+05      158 1.690194388e-16 6.130256553e-10 6.133767748e-10
   1e+05      251 5.393428337e-17 2.658783617e-09 2.660514424e-09
   1e+05      398 2.317730322e-17 4.961628947e-09 4.965951265e-09
   1e+05      631 1.520969327e-17 8.973077115e-09 8.983656297e-09
   1e+05    1e+03 1.324376732e-17 1.583127433e-08 1.585658641e-08
   1e+05 1.58e+03 1.718996122e-17 2.686230729e-08 2.692059619e-08
   1e+05 2.51e+03  2.76275173e-17 4.351001667e-08 4.363816613e-08
   1e+05 3.98e+03 4.343361344e-17 6.728860841e-08 6.755749281e-08
   1e+05 6.31e+03 6.226407211e-17 9.980420779e-08 1.003447816e-07
   1e+05    1e+04 8.159096835e-17  1.42723928e-07 1.437702037e-07
   1e+05 1.58e+04 9.943654773e-17  1.97523957e-07 1.994797788e-07
   1e+05 2.51e+04 1.145968625e-16 2.648054524e-07 2.683375129e-07
   1e+05 3.98e+04  1.26527861e-16 3.428560706e-07 3.489949843e-07
   1e+05 6.31e+04 1.351169537e-16 4.249262979e-07 4.350946875e-07
   1e+05    1e+05 1.404744509e-16 4.943792922e-07  5.10105439e-07
   1e+05 1.58e+05 1.427924232e-16 5.164811458e-07 5.381963121e-07
   1e+05 2.51e+05 1.422729504e-16 4.251980551e-07 4.488000553e-07
   1e+05 3.98e+05 1.391116679e-16 1.031082759e-07 1.117504874e-07
   1e+05 6.31e+05 1.335185904e-16   6.4738869e-07 7.005080773e-07
   1e+05    1e+06 1.257567052e-16 2.142911931e-06 2.366502575e-06
   1e+05 1.58e+06 1.161773803e-16 4.868808109e-06 5.485719897e-06
   1e+05 2.51e+06 1.052331354e-16 9.540842787e-06 1.096211026e-05
   1e+05 3.98e+06  9.34566565e-17 1.718209311e-05 2.009578923e-05
   1e+05 6.31e+06 8.140946333e-17 2.922240966e-05 3.468039556e-05
   1e+05    1e+07 6.961728518e-17 4.763303778e-05 5.711433905e-05
   1e+05 1.58e+07 5.851372664e-17 7.511395404e-05 9.055022687e-05
   1e+05 2.51e+07 4.840738262e-17 0.0001153559215 0.0001391200898
   1e+05 3.98e+07 3.947591224e-17 0.0001734044445 0.0002082785467
   1e+05 6.31e+07 3.178112833e-17 0.0002561606079 0.0003053043223
   1e+05    1e+08 2.529539756e-17 0.0003730657916  0.000440001642
   1e+05 1.58e+08 1.993063882e-17  0.000537034625 0.0006256543954
   1e+05 2.51e+08 1.556428704e-17  0.000765724542 0.0008803091121
   1e+05 3.98e+08 1.205962778e-17  0.001083262822  0.001228495717
   1e+05 6.31e+08  9.27996034e-18  0.001522595968  0.001703536181
   1e+05    1e+09 7.097820751e-18  0.002128685782  0.002350640931
   1e+05 1.58e+09 5.403871756e-18  0.002962857276  0.003231052559
   1e+05 2.51e+09 4.112072426e-18  0.004108713233  0.004427566191
   1e+05 3.98e+09 3.104592991e-18  0.005680179508    0.0060518347
   1e+05 6.31e+09 2.091016481e-18  0.007832448959  0.008253944021
   1e+05    1e+10 9.068507008e-19   0.01077686778   0.01123475292
   1e+06   0.0001 8.944967169e-26 2.649450063e-22 2.649113753e-22
   1e+06 0.000158 5.818069971e-26 1.721969847e-22 1.721750825e-22
   1e+06 0.000251 3.815843866e-26 1.128984416e-22 1.128840686e-22
   1e+06 0.000398 2.527638201e-26 7.478804182e-23 7.477852173e-23
   1e+06 0.000631 1.693817807e-26 5.013597995e-23 5.012960433e-23
   1e+06    0.001  1.15014129e-26 3.406522206e-23  3.40608974e-23
   1e+06  0.00158 7.925597916e-27 2.349296528e-23 2.348998905e-23
   1e+06  0.00251 5.549986548e-27 1.646505783e-23 1.646297656e-23
   1e+06  0.00398 3.953589847e-27  1.17381235e-23 1.173664273e-23
   1e+06  0.00631 2.867049025e-27 8.517305937e-24 8.516233117e-24
   1e+06     0.01 2.117114284e-27 6.291585412e-24 6.290793572e-24
   1e+06   0.0158  1.59166348e-27 4.730217751e-24 4.729622363e-24
   1e+06   0.0251 1.217596185e-27 3.617464748e-24 3.617008932e-24
   1e+06   0.0398 9.468426116e-28 2.811334821e-24 2.810979843e-24
   1e+06   0.0631 7.474724123e-28 2.217403724e-24  2.21712288e-24
   1e+06      0.1 5.980249373e-28 1.772127827e-24 1.771902477e-24
   1e+06    0.158  4.83875526e-28 1.432149472e-24  1.43196645e-24
   1e+06    0.251 3.948848132e-28 1.167396685e-24  1.16724662e-24
   1e+06    0.398 3.238445429e-28 9.565815258e-25 9.564577434e-25
   1e+06    0.631 2.651905741e-28 7.841298456e-25  7.84027945e-25
   1e+06        1 2.125854481e-28 6.384677288e-25 6.383872435e-25
   1e+06     1.58 1.660938473e-28 5.401398635e-25 5.400846849e-25
   1e+06     2.51 5.832837211e-28 1.034603121e-24 1.034217923e-24
   1e+06     3.98 6.287567769e-27 1.246222956e-24 1.239787588e-24
   1e+06     6.31 8.302605426e-26 1.467070484e-22 1.466477133e-22
   1e+06       10 7.524240802e-27 2.257072819e-21 2.257578987e-21
   1e+06     15.8 3.289154544e-24 3.925102384e-20 3.926457727e-20
   1e+06     25.1 1.826916849e-22 6.476550578e-19 6.475555413e-19
   1e+06     39.8 1.885632368e-21 3.842978541e-18 3.847339526e-18
   1e+06     63.1 8.214363324e-21 1.107484131e-17 1.109686768e-17
   1e+06      100 7.701571331e-21 2.299702551e-17 2.298167781e-17
   1e+06      158 2.103510204e-19  2.20892658e-15 2.208996629e-15
   1e+06      251 7.470778528e-19   3.0175935e-14 3.018945074e-14
   1e+06      398 5.067211813e-19 3.050212342e-14 3.052155623e-14
   1e+06      631 3.674847927e-18 9.473045741e-13 9.483258627e-13
   1e+06    1e+03 6.291984317e-16 6.312263031e-12  6.29418975e-12
   1e+06 1.58e+03   2.2614862e-15 2.820029072e-10 2.827979615e-10
   1e+06 2.51e+03 1.344340815e-16 1.122835522e-09 1.126110405e-09
   1e+06 3.98e+03 1.669774611e-15 9.428107419e-10 9.460988208e-10
   1e+06 6.31e+03 9.881763689e-16 1.712919124e-09 1.722644345e-09
   1e+06    1e+04 3.290936231e-16 3.592684575e-09 3.619135444e-09
   1e+06 1.58e+04 1.795440005e-16 6.514232246e-09 6.578474544e-09
   1e+06 2.51e+04 1.321459414e-16 1.156315792e-08 1.171621723e-08
   1e+06 3.98e+04 1.360586884e-16 1.983935948e-08 2.019110914e-08
   1e+06 6.31e+04 1.973362992e-16 3.251595009e-08 3.328512333e-08
   1e+06    1e+05 3.104078622e-16  5.07051104e-08 5.229604914e-08
   1e+06 1.58e+05 4.542301587e-16 7.538231123e-08 7.849418269e-08
   1e+06 2.51e+05 6.016032047e-16  1.07321105e-07 1.130878873e-07
   1e+06 3.98e+05 7.287335646e-16 1.469387333e-07 1.570761395e-07
   1e+06 6.31e+05 8.201222211e-16 1.939918545e-07  2.10884801e-07
   1e+06    1e+06 8.691190668e-16 2.471180487e-07 2.737245886e-07
   1e+06 1.58e+06 8.762619696e-16 3.032576584e-07 3.426613912e-07
   1e+06 2.51e+06   8.4702119e-16 3.569980838e-07 4.114653107e-07
   1e+06 3.98e+06 7.896642888e-16 3.998481073e-07 4.693860728e-07
   1e+06 6.31e+06  7.13447819e-16 4.193753842e-07 5.000200944e-07
   1e+06    1e+07 6.272101415e-16 3.980524771e-07 4.803099195e-07
   1e+06 1.58e+07 5.384267066e-16 3.115899137e-07 3.794550279e-07
   1e+06 2.51e+07 4.527429003e-16 1.264989141e-07 1.572446359e-07
   1e+06 3.98e+07 3.739171425e-16 2.034016245e-07 2.387975318e-07
   1e+06 6.31e+07 3.040438925e-16  7.41875403e-07 8.780174834e-07
   1e+06    1e+08 2.439142675e-16 1.577007043e-06 1.853458437e-06
   1e+06 1.58e+08 1.934015048e-16 2.830412512e-06 3.291415881e-06
   1e+06 2.51e+08 1.518029086e-16 4.669790222e-06 5.364435407e-06
   1e+06 3.98e+08 1.181088927e-16 7.326011645e-06 8.308841181e-06
   1e+06 6.31e+08 9.119545212e-17 1.111639322e-05 1.244838693e-05
   1e+06    1e+09 6.995040589e-17 1.647638784e-05 1.822626281e-05
   1e+06 1.58e+09 5.335149747e-17 2.400274187e-05 2.624851881e-05
   1e+06 2.51e+09 4.050652012e-17 3.451225932e-05 3.734306398e-05
   1e+06 3.98e+09 3.061050015e-17 4.912180607e-05 5.263990524e-05
   1e+06 6.31e+09  2.28025096e-17 6.935722188e-05  7.36803593e-05
   1e+06    1e+10 1.645168676e-17 9.730156517e-05 0.0001025653973
   1e+07   0.0001   2.5163019e-23 7.569076669e-21  7.55978185e-21
   1e+07 0.000158 1.614060754e-23 4.842430085e-21 4.836441396e-21
   1e+07 0.000251 1.031756288e-23 3.087345153e-21 3.083500058e-21
   1e+07 0.000398 6.584858056e-24 1.965430906e-21 1.962966477e-21
   1e+07 0.000631 4.202964904e-24 1.251546124e-21 1.249966964e-21
   1e+07    0.001 2.687031965e-24 7.984637639e-22 7.974506714e-22
   1e+07  0.00158 1.723184056e-24 5.111482979e-22 5.104967104e-22
   1e+07  0.00251 1.110089225e-24 3.288293279e-22 3.284086123e-22
   1e+07  0.00398 7.194304065e-25 2.129009852e-22 2.126278903e-22
   1e+07  0.00631 4.697706562e-25 1.389422185e-22 1.387637323e-22
   1e+07     0.01 3.095553495e-25 9.154254822e-23 9.142490624e-23
   1e+07   0.0158 2.061845465e-25 6.098687022e-23  6.09085405e-23
   1e+07   0.0251 1.390441823e-25 4.114896742e-23 4.109618878e-23
   1e+07   0.0398 9.508624549e-26 2.816054872e-23 2.812449833e-23
   1e+07   0.0631 6.603580232e-26 1.957334765e-23 1.954834491e-23
   1e+07      0.1 4.663000642e-26 1.383274521e-23 1.381511321e-23
   1e+07    0.158  3.35091009e-26 9.947399791e-24 9.934743013e-24
   1e+07    0.251 2.451813077e-26 7.281876373e-24 7.272622121e-24
   1e+07    0.398 1.826701369e-26 5.426350657e-24 5.419457101e-24
   1e+07    0.631 1.385296715e-26 4.114590738e-24 4.109360659e-24
   1e+07        1  1.06849997e-26 3.172193716e-24 3.168155216e-24
   1e+07     1.58 8.372616999e-27 2.483806929e-24 2.480636707e-24
   1e+07     2.51   6.6549873e-27 1.972285151e-24 1.969758934e-24
   1e+07     3.98 5.355651683e-27 1.585370977e-24 1.583331279e-24
   1e+07     6.31 4.353392849e-27 1.287131629e-24 1.285466718e-24
   1e+07       10  3.56329292e-27 1.052410222e-24 1.051040366e-24
   1e+07     15.8 2.923457387e-27 8.631571308e-25 8.620264634e-25
   1e+07     25.1 2.379302867e-27 7.058370637e-25 7.049158915e-25
   1e+07     39.8 1.856067634e-27 5.743767178e-25   5.7369853e-25
   1e+07     63.1 2.058297275e-27 6.032099263e-25 6.023687439e-25
   1e+07      100 2.157309136e-26 2.101719321e-24 2.083529599e-24
   1e+07      158  3.52384432e-26 2.411422471e-23 2.420506286e-23
   1e+07      251  4.08737047e-24 1.632415084e-22 1.589694253e-22
   1e+07      398  6.59083453e-23 6.674162515e-21 6.609460951e-21
   1e+07      631 9.316024817e-22 4.608108936e-20 4.493601932e-20
   1e+07    1e+03 2.696096709e-21 1.977179655e-18 1.986653665e-18
   1e+07 1.58e+03  4.94005895e-20 4.996310195e-18 5.107742869e-18
   1e+07 2.51e+03 8.896536412e-20 1.924615592e-17 1.954690005e-17
   1e+07 3.98e+03 4.895601804e-19  3.16032039e-17 2.985725971e-17
   1e+07 6.31e+03 2.900187474e-18 1.178543291e-14 1.183273014e-14
   1e+07    1e+04 4.589105151e-18 4.405441238e-14 4.432884338e-14
   1e+07 1.58e+04 7.718731096e-18 2.498762286e-14 2.509250014e-14
   1e+07 2.51e+04 1.012146867e-15 2.987126157e-12 3.059465202e-12
   1e+07 3.98e+04 3.672023616e-16 2.298591089e-10 2.339420953e-10
   1e+07 6.31e+04  1.64271385e-14 6.607577815e-10  6.78096244e-10
   1e+07    1e+05 2.063820862e-14 5.297372056e-10 5.503131895e-10
   1e+07 1.58e+05 1.668714411e-14 1.984544674e-10 2.125025897e-10
   1e+07 2.51e+05 5.782255559e-15 2.199913181e-09 2.321001052e-09
   1e+07 3.98e+05 2.220075507e-15 3.980597188e-09 4.255467507e-09
   1e+07 6.31e+05 1.304647056e-15 6.769102818e-09 7.355360365e-09
   1e+07    1e+06 9.583208628e-16 1.114465212e-08 1.233400714e-08
   1e+07 1.58e+06 9.325211133e-16 1.756982646e-08 1.982736326e-08
   1e+07 2.51e+06 1.169886409e-15 2.635345472e-08 3.032158701e-08
   1e+07 3.98e+06  1.55202784e-15 3.761186914e-08 4.405232861e-08
   1e+07 6.31e+06 1.936508967e-15 5.131151806e-08  6.09903768e-08
   1e+07    1e+07 2.215412407e-15 6.734394579e-08 8.089316126e-08
   1e+07 1.58e+07 2.340246548e-15 8.558412347e-08 1.033842755e-07
   1e+07 2.51e+07  2.31403756e-15 1.059126493e-07  1.28030072e-07
   1e+07 3.98e+07 2.169663169e-15 1.282030243e-07 1.543892557e-07
   1e+07 6.31e+07 1.949621644e-15 1.522811427e-07 1.820194044e-07
   1e+07    1e+08 1.693148856e-15 1.778616273e-07 2.104347571e-07
   1e+07 1.58e+08 1.430460934e-15 2.044604911e-07 2.390175086e-07
   1e+07 2.51e+08 1.181730616e-15 2.312783311e-07 2.668860033e-07
   1e+07 3.98e+08  9.58456465e-16 2.570432641e-07 2.927180907e-07
   1e+07 6.31e+08 7.656423439e-16 2.797975972e-07 3.145194448e-07
   1e+07    1e+09 6.039368125e-16 2.966060259e-07  3.29317092e-07
   1e+07 1.58e+09  4.71381489e-16 3.031551313e-07 3.327481646e-07
   1e+07 2.51e+09 3.646871244e-16  2.93203165e-07  3.18502093e-07
   1e+07 3.98e+09 2.800316337e-16 2.578244231e-07 2.775592737e-07
   1e+07 6.31e+09 2.134388052e-16 1.843723985e-07 1.971486964e-07
   1e+07    1e+10 1.613371199e-16 5.505855578e-08 5.932274091e-08
   1e+08   0.0001 4.834808276e-21  1.47062415e-19 1.451637404e-19
   1e+08 0.000158 3.444205781e-21 1.046440031e-19  1.03289038e-19
   1e+08 0.000251 2.399931451e-21 7.281587865e-20 7.186973237e-20
   1e+08 0.000398 1.639327858e-21 4.965795356e-20 4.901005776e-20
   1e+08 0.000631 1.100505915e-21 3.327385238e-20 3.283766631e-20
   1e+08    0.001 7.280366643e-22 2.196580553e-20 2.167632104e-20
   1e+08  0.00158 4.759191581e-22 1.432570324e-20 1.413579992e-20
   1e+08  0.00251 3.082312153e-22 9.254901417e-21 9.131446354e-21
   1e+08  0.00398 1.982673548e-22  5.93755707e-21 5.857834351e-21
   1e+08  0.00631 1.269483134e-22 3.791630019e-21 3.740382432e-21
   1e+08     0.01 8.107199826e-23 2.415071336e-21 2.382216764e-21
   1e+08   0.0158 5.173163741e-23 1.537204025e-21 1.516162997e-21
   1e+08   0.0251 3.303557488e-23 9.794154757e-22 9.659341386e-22
   1e+08   0.0398 2.114452511e-23 6.256336844e-22 6.169800648e-22
   1e+08   0.0631 1.358414538e-23 4.012790274e-22 3.957064969e-22
   1e+08      0.1 8.772310607e-24 2.588180558e-22 2.552130948e-22
   1e+08    0.158 5.702824867e-24 1.681209162e-22 1.657746522e-22
   1e+08    0.251 3.737956419e-24 1.101543311e-22 1.086156193e-22
   1e+08    0.398 2.474264989e-24  7.29158922e-23 7.189739765e-23
   1e+08    0.631 1.656685191e-24 4.883988196e-23  4.81582836e-23
   1e+08        1 1.123885191e-24 3.315363509e-23  3.26916564e-23
   1e+08     1.58 7.736757175e-25  2.28410166e-23 2.252335248e-23
   1e+08     2.51 5.411773282e-25 1.599067163e-23 1.576873569e-23
   1e+08     3.98 3.850643033e-25 1.138685471e-23 1.122911354e-23
   1e+08     6.31 2.789036241e-25  8.25266646e-24 8.138508558e-24
   1e+08       10 2.057009703e-25 6.088845548e-24 6.004685659e-24
   1e+08     15.8 1.544628064e-25  4.57241413e-24 4.509211937e-24
   1e+08     25.1 1.180255045e-25 3.492814466e-24 3.444489074e-24
   1e+08     39.8 9.168110947e-26 2.711549819e-24  2.67396267e-24
   1e+08     63.1 7.230459566e-26 2.136584462e-24 2.106883808e-24
   1e+08      100 5.779734397e-26 1.706032055e-24 1.682228277e-24
   1e+08      158 4.673051079e-26 1.377705692e-24 1.358394516e-24
   1e+08      251 3.811483421e-26 1.122379189e-24 1.106560518e-24
   1e+08      398 3.124871519e-26 9.193981164e-25 9.063592164e-25
   1e+08      631 2.559713693e-26 7.537217306e-25 7.429829231e-25
   1e+08    1e+03 2.058227011e-26 6.142525485e-25 6.056928669e-25
   1e+08 1.58e+03 1.602309421e-26 5.149998033e-25 5.089695892e-25
   1e+08 2.51e+03  4.65750432e-26 8.719151616e-25 8.411687724e-25
   1e+08 3.98e+03 5.221076436e-25 1.327199217e-24 7.982077285e-25
   1e+08 6.31e+03 5.652489693e-24 1.129139897e-22 1.090348269e-22
   1e+08    1e+04 2.260698503e-23 1.558772604e-21 1.618679862e-21
   1e+08 1.58e+04 7.248819233e-22 2.545701219e-20 2.694743214e-20
   1e+08 2.51e+04 6.304271739e-21 5.274887267e-19  5.30984172e-19
   1e+08 3.98e+04 1.943335972e-19 8.753510116e-19 1.232372288e-18
   1e+08 6.31e+04 6.941522076e-19 6.423814076e-18 5.083344894e-18
   1e+08    1e+05 4.966771371e-19 3.702833365e-18 2.314110681e-18
   1e+08 1.58e+05 9.530866448e-18 8.823375624e-16 9.636006325e-16
   1e+08 2.51e+05   9.8832446e-17 1.320596417e-14 1.318657059e-14
   1e+08 3.98e+05  5.38636223e-17 3.750782584e-14 3.939436785e-14
   1e+08 6.31e+05 8.005907324e-18 1.256677633e-13 1.362626608e-13
   1e+08    1e+06  6.62072814e-16 1.378624985e-11 1.522186795e-11
   1e+08 1.58e+06 4.653801229e-15 2.059921665e-10 2.320108266e-10
   1e+08 2.51e+06 1.797682856e-13 1.697046402e-12 1.677616474e-11
   1e+08 3.98e+06 1.025633576e-13 6.929524673e-10 7.932882997e-10
   1e+08 6.31e+06 6.761294395e-14 8.531523884e-10 9.942328872e-10
   1e+08    1e+07 5.442594129e-14 8.491573859e-10 1.042509292e-09
   1e+08 1.58e+07   1.8667211e-14 1.840748104e-09  2.23262152e-09
   1e+08 2.51e+07 7.570578991e-15 2.783315335e-09 3.365874334e-09
   1e+08 3.98e+07 4.036411087e-15 4.047088441e-09 4.869308696e-09
   1e+08 6.31e+07 2.504384463e-15 5.778638597e-09 6.896235139e-09
   1e+08    1e+08 1.741280001e-15 8.093009647e-09 9.556290221e-09
   1e+08 1.58e+08 1.413989188e-15 1.109868094e-08  1.29462105e-08
   1e+08 2.51e+08 1.335697266e-15  1.48963482e-08 1.715063369e-08
   1e+08 3.98e+08 1.366574387e-15  1.95796019e-08 2.224556907e-08
   1e+08 6.31e+08 1.412022068e-15 2.523894866e-08 2.830512364e-08
   1e+08    1e+09 1.420959429e-15 3.196677026e-08 3.540821202e-08
   1e+08 1.58e+09 1.376288619e-15 3.986125182e-08 4.364313145e-08
   1e+08 2.51e+09 1.282288625e-15 4.902817825e-08 5.310917628e-08
   1e+08 3.98e+09 1.153340415e-15 5.958003278e-08 6.391510019e-08
   1e+08 6.31e+09 1.005927758e-15 7.163197347e-08 7.617429819e-08
   1e+08    1e+10 8.543255144e-16 8.529409866e-08 8.999631053e-08
   1e+09   0.0001  1.17557876e-23 1.920614785e-25 1.351870993e-24
   1e+09 0.000158  1.17557876e-23 1.920614782e-25 1.351870993e-24
   1e+09 0.000251  1.17557876e-23 1.920614784e-25 1.351870993e-24
   1e+09 0.000398  1.17557876e-23 1.920614785e-25 1.351870993e-24
   1e+09 0.000631  1.17557876e-23 1.920614784e-25 1.351870993e-24
   1e+09    0.001  1.17557876e-23 1.920614785e-25 1.351870993e-24
   1e+09  0.00158  1.17557876e-23 1.920614783e-25 1.351870993e-24
   1e+09  0.00251  1.17557876e-23 1.920614784e-25 1.351870993e-24
   1e+09  0.00398  1.17557876e-23 1.920614785e-25 1.351870993e-24
   1e+09  0.00631  1.17557876e-23 1.920614784e-25 1.351870993e-24
   1e+09     0.01  1.17557876e-23 1.920614784e-25 1.351870993e-24
   1e+09   0.0158  1.17557876e-23 1.920614785e-25 1.351870993e-24
   1e+09   0.0251  1.17557876e-23 1.920614783e-25 1.351870993e-24
   1e+09   0.0398 1.175578759e-23 1.920614783e-25 1.351870993e-24
   1e+09   0.0631 1.175578759e-23 1.920614784e-25 1.351870993e-24
   1e+09      0.1 1.175578759e-23 1.920614782e-25 1.351870993e-24
   1e+09    0.158 1.175578758e-23 1.920614783e-25 1.351870993e-24
   1e+09    0.251 1.175578755e-23 1.920614783e-25 1.351870994e-24
   1e+09    0.398 1.175578748e-23 1.920614783e-25 1.351870995e-24
   1e+09    0.631 1.175578729e-23 1.920614783e-25 1.351870997e-24
   1e+09        1 1.175578683e-23 1.920614786e-25 1.351871005e-24
   1e+09     1.58 1.175578567e-23 1.920614784e-25 1.351871023e-24
   1e+09     2.51 1.175578275e-23 1.920614784e-25 1.351871068e-24
   1e+09     3.98 1.175577541e-23 1.920614782e-25 1.351871181e-24
   1e+09     6.31   1.1755757e-23 1.920614782e-25 1.351871466e-24
   1e+09       10 1.175571075e-23 1.920614777e-25 1.351872182e-24
   1e+09     15.8 1.175559456e-23 1.920614769e-25 1.351873979e-24
   1e+09     25.1 1.175530271e-23 1.920614743e-25 1.351878495e-24
   1e+09     39.8  1.17545697e-23 1.920614679e-25 1.351889836e-24
   1e+09     63.1  1.17527289e-23 1.920614521e-25  1.35191832e-24
   1e+09      100 1.174810787e-23 1.920614094e-25 1.351989841e-24
   1e+09      158 1.173651815e-23 1.920612909e-25 1.352169322e-24
   1e+09      251  1.17075179e-23 1.920609157e-25 1.352619088e-24
   1e+09      398 1.163537035e-23  1.92059491e-25 1.353742129e-24
   1e+09      631 1.145842777e-23 1.920529142e-25 1.356521303e-24
   1e+09    1e+03 1.103924268e-23 1.920182311e-25 1.363248049e-24
   1e+09 1.58e+03 1.012226554e-23 1.918271474e-25 1.378674725e-24
   1e+09 2.51e+03 8.421000402e-24 1.908220829e-25 1.409822362e-24
   1e+09 3.98e+03 6.034244901e-24 1.862205162e-25 1.456406256e-24
   1e+09 6.31e+03 3.686111276e-24 1.693452825e-25 1.481984771e-24
   1e+09    1e+04 2.006770295e-24 1.226873717e-25 1.402615445e-24
   1e+09 1.58e+04 1.025085331e-24 3.156090716e-26 1.178577137e-24
   1e+09 2.51e+04 5.024738278e-25 8.324314728e-26 8.928317536e-25
   1e+09 3.98e+04 2.349346108e-25 1.696696995e-25 6.444765547e-25
   1e+09 6.31e+04 9.903509192e-26 2.156484218e-25 4.752695119e-25
   1e+09    1e+05 1.496466669e-25 3.626784115e-25 3.351204726e-25
   1e+09 1.58e+05 2.358665499e-24 1.194669251e-24 3.835193176e-24
   1e+09 2.51e+05 2.713927921e-23 5.079790521e-23 2.771892409e-23
   1e+09 3.98e+05 1.638783923e-22 9.783684976e-22 1.303652171e-21
   1e+09 6.31e+05 5.200897352e-21 1.421549094e-20 2.280388451e-20
   1e+09    1e+06 3.134786149e-20 2.674961419e-19 3.507209683e-19
   1e+09 1.58e+06 5.366188057e-19 1.731138606e-18 1.081836285e-18
   1e+09 2.51e+06 1.577623448e-18 1.572819747e-17 2.154545958e-17
   1e+09 3.98e+06 4.474440155e-18 2.366253603e-17 4.001343149e-17
   1e+09 6.31e+06 1.329270724e-18 1.377594971e-16 1.576870167e-16
   1e+09    1e+07 9.804431396e-17 1.311134198e-15 2.086340763e-15
   1e+09 1.58e+07 4.038191456e-16 4.412941623e-15  8.39458524e-15
   1e+09 2.51e+07 4.186402467e-16 2.191324738e-15  7.28158218e-15
   1e+09 3.98e+07 1.066378085e-16 2.717434931e-15 1.549700195e-15
   1e+09 6.31e+07 3.204207573e-16 4.813285853e-13 5.798845256e-13
   1e+09    1e+08 1.114905383e-14  1.01226733e-11 1.156714931e-11
   1e+09 1.58e+08  9.12720602e-14 5.269027689e-11  5.72326293e-11
   1e+09 2.51e+08 1.360665733e-13 2.107939986e-10 2.338217063e-10
   1e+09 3.98e+08 1.024102107e-13 4.364374276e-10 5.043469187e-10
   1e+09 6.31e+08 2.411893031e-14 6.403314506e-10 7.145854493e-10
   1e+09    1e+09 3.002388778e-14  7.16774508e-10 7.982568736e-10
   1e+09 1.58e+09 5.778058383e-14 2.235777224e-10 2.314491895e-10
   1e+09 2.51e+09 3.135513491e-14 6.455339938e-10 7.084464003e-10
   1e+09 3.98e+09  1.20734024e-14 1.204610045e-09 1.296340291e-09
   1e+09 6.31e+09 4.818747293e-15 1.711923195e-09 1.821829484e-09
   1e+09    1e+10 2.263253074e-15 2.339795981e-09 2.468682111e-09
   1e+10   0.0001 2.825985742e-22 2.221967259e-23 6.833016259e-23
   1e+10 0.000158 2.825985742e-22 2.221967259e-23 6.833016259e-23
   1e+10 0.000251 2.825985742e-22 2.221967259e-23 6.833016259e-23
   1e+10 0.000398 2.825985742e-22 2.221967259e-23 6.833016259e-23
   1e+10 0.000631 2.825985742e-22 2.221967259e-23 6.833016259e-23
   1e+10    0.001 2.825985742e-22 2.221967259e-23 6.833016259e-23
   1e+10  0.00158 2.825985742e-22 2.221967259e-23 6.833016259e-23
   1e+10  0.00251 2.825985742e-22 2.221967259e-23 6.833016259e-23
   1e+10  0.00398 2.825985742e-22 2.221967259e-23 6.833016259e-23
   1e+10  0.00631 2.825985742e-22 2.221967259e-23 6.833016259e-23
   1e+10     0.01 2.825985742e-22 2.221967259e-23 6.833016259e-23
   1e+10   0.0158 2.825985742e-22 2.221967259e-23 6.833016259e-23
   1e+10   0.0251 2.825985742e-22 2.221967259e-23 6.833016259e-23
   1e+10   0.0398 2.825985742e-22 2.221967259e-23 6.833016259e-23
   1e+10   0.0631 2.825985742e-22 2.221967259e-23 6.833016259e-23
   1e+10      0.1 2.825985742e-22 2.221967259e-23 6.833016259e-23
   1e+10    0.158 2.825985742e-22 2.221967259e-23 6.833016259e-23
   1e+10    0.251 2.825985742e-22 2.221967259e-23 6.833016259e-23
   1e+10    0.398 2.825985742e-22 2.221967259e-23 6.833016259e-23
   1e+10    0.631 2.825985742e-22 2.221967259e-23 6.833016259e-23
   1e+10        1 2.825985742e-22 2.221967259e-23 6.833016259e-23
   1e+10     1.58 2.825985742e-22 2.221967259e-23 6.833016259e-23
   1e+10     2.51 2.825985742e-22 2.221967259e-23 6.833016259e-23
   1e+10     3.98 2.825985742e-22 2.221967259e-23 6.833016259e-23
   1e+10     6.31 2.825985742e-22 2.221967259e-23 6.833016259e-23
   1e+10       10 2.825985742e-22 2.221967259e-23 6.833016259e-23
   1e+10     15.8 2.825985742e-22 2.221967259e-23 6.833016259e-23
   1e+10     25.1 2.825985742e-22 2.221967259e-23 6.833016259e-23
   1e+10     39.8 2.825985742e-22 2.221967259e-23 6.833016259e-23
   1e+10     63.1 2.825985742e-22 2.221967259e-23 6.833016259e-23
   1e+10      100 2.825985742e-22 2.221967259e-23  6.83301626e-23
   1e+10      158 2.825985742e-22 2.221967259e-23  6.83301626e-23
   1e+10      251 2.825985742e-22 2.221967258e-23  6.83301626e-23
   1e+10      398 2.825985742e-22 2.221967258e-23 6.833016261e-23
   1e+10      631 2.825985742e-22 2.221967256e-23 6.833016264e-23
   1e+10    1e+03 2.825985743e-22 2.221967252e-23  6.83301627e-23
   1e+10 1.58e+03 2.825985744e-22 2.221967243e-23 6.833016287e-23
   1e+10 2.51e+03 2.825985747e-22 2.221967219e-23 6.833016328e-23
   1e+10 3.98e+03 2.825985754e-22 2.221967159e-23 6.833016431e-23
   1e+10 6.31e+03 2.825985773e-22 2.221967008e-23  6.83301669e-23
   1e+10    1e+04 2.825985819e-22  2.22196663e-23  6.83301734e-23
   1e+10 1.58e+04 2.825985936e-22 2.221965679e-23 6.833018973e-23
   1e+10 2.51e+04  2.82598623e-22  2.22196329e-23 6.833023075e-23
   1e+10 3.98e+04 2.825986967e-22  2.22195729e-23 6.833033381e-23
   1e+10 6.31e+04  2.82598882e-22 2.221942219e-23 6.833059265e-23
   1e+10    1e+05 2.825993472e-22 2.221904361e-23 6.833124284e-23
   1e+10 1.58e+05 2.826005156e-22 2.221809267e-23 6.833287597e-23
   1e+10 2.51e+05 2.826034491e-22 2.221570403e-23 6.833697777e-23
   1e+10 3.98e+05 2.826108086e-22 2.220970413e-23 6.834727825e-23
   1e+10 6.31e+05 2.826292382e-22 2.219463358e-23 6.837313439e-23
   1e+10    1e+06 2.826751726e-22 2.215678144e-23 6.843797163e-23
   1e+10 1.58e+06 2.827882928e-22 2.206172273e-23 6.860013804e-23
   1e+10 2.51e+06 2.830581668e-22 2.182308733e-23 6.900307352e-23
   1e+10 3.98e+06 2.836460182e-22 2.122463515e-23 6.998726206e-23
   1e+10 6.31e+06 2.845546077e-22 1.972882005e-23 7.228115764e-23
   1e+10    1e+07 2.832561564e-22 1.603878841e-23 7.688739956e-23
   1e+10 1.58e+07 2.575211327e-22 7.515689915e-24 8.069816508e-23
   1e+10 2.51e+07 5.544592268e-23 4.238792288e-24  3.48599937e-23
   1e+10 3.98e+07 1.171481066e-21 9.525682058e-23  4.91660407e-22
   1e+10 6.31e+07 4.958245369e-21 1.560771923e-21 3.813843198e-21
   1e+10    1e+08 2.018465045e-20  4.27365081e-21 1.407706779e-20
   1e+10 1.58e+08 5.831601039e-20 5.969078846e-20  3.36749053e-20
   1e+10 2.51e+08 4.135850791e-19 3.491488617e-19 8.355123216e-21
   1e+10 3.98e+08 2.161328164e-18 5.473964289e-18 9.242328233e-18
   1e+10 6.31e+08 2.069688728e-18 3.146383891e-17 3.877959698e-17
   1e+10    1e+09 1.714009457e-18 2.907208432e-18  1.06728916e-18
   1e+10 1.58e+09 7.101436657e-18 6.691087293e-17 5.021318523e-17
   1e+10 2.51e+09 4.289841424e-17 6.048396215e-16 4.785055571e-16
   1e+10 3.98e+09 1.411395324e-16 2.787343744e-15 3.705446203e-15
   1e+10 6.31e+09 9.079247398e-17 1.992072937e-14 2.172241011e-14
   1e+10    1e+10 4.473916894e-17 2.222155643e-14 2.299397118e-14
   1e+11   0.0001 4.969392173e-18 4.138532266e-19 1.241875593e-18
   1e+11 0.000158 4.969392173e-18 4.138532266e-19 1.241875593e-18
   1e+11 0.000251 4.969392173e-18 4.138532266e-19 1.241875593e-18
   1e+11 0.000398 4.969392173e-18 4.138532266e-19 1.241875593e-18
   1e+11 0.000631 4.969392173e-18 4.138532266e-19 1.241875593e-18
   1e+11    0.001 4.969392173e-18 4.138532266e-19 1.241875593e-18
   1e+11  0.00158 4.969392173e-18 4.138532266e-19 1.241875593e-18
   1e+11  0.00251 4.969392173e-18 4.138532266e-19 1.241875593e-18
   1e+11  0.00398 4.969392173e-18 4.138532266e-19 1.241875593e-18
   1e+11  0.00631 4.969392173e-18 4.138532266e-19 1.241875593e-18
   1e+11     0.01 4.969392173e-18 4.138532266e-19 1.241875593e-18
   1e+11   0.0158 4.969392173e-18 4.138532266e-19 1.241875593e-18
   1e+11   0.0251 4.969392173e-18 4.138532266e-19 1.241875593e-18
   1e+11   0.0398 4.969392173e-18 4.138532266e-19 1.241875593e-18
   1e+11   0.0631 4.969392173e-18 4.138532266e-19 1.241875593e-18
   1e+11      0.1 4.969392173e-18 4.138532266e-19 1.241875593e-18
   1e+11    0.158 4.969392173e-18 4.138532266e-19 1.241875593e-18
   1e+11    0.251 4.969392173e-18 4.138532266e-19 1.241875593e-18
   1e+11    0.398 4.969392173e-18 4.138532266e-19 1.241875593e-18
   1e+11    0.631 4.969392173e-18 4.138532266e-19 1.241875593e-18
   1e+11        1 4.969392173e-18 4.138532266e-19 1.241875593e-18
   1e+11     1.58 4.969392173e-18 4.138532266e-19 1.241875593e-18
   1e+11     2.51 4.969392173e-18 4.138532266e-19 1.241875593e-18
   1e+11     3.98 4.969392173e-18 4.138532266e-19 1.241875593e-18
   1e+11     6.31 4.969392173e-18 4.138532266e-19 1.241875593e-18
   1e+11       10 4.969392173e-18 4.138532266e-19 1.241875593e-18
   1e+11     15.8 4.969392173e-18 4.138532266e-19 1.241875593e-18
   1e+11     25.1 4.969392173e-18 4.138532266e-19 1.241875593e-18
   1e+11     39.8 4.969392173e-18 4.138532266e-19 1.241875593e-18
   1e+11     63.1 4.969392173e-18 4.138532266e-19 1.241875593e-18
   1e+11      100 4.969392173e-18 4.138532266e-19 1.241875593e-18
   1e+11      158 4.969392173e-18 4.138532266e-19 1.241875593e-18
   1e+11      251 4.969392173e-18 4.138532266e-19 1.241875593e-18
   1e+11      398 4.969392173e-18 4.138532266e-19 1.241875593e-18
   1e+11      631 4.969392173e-18 4.138532266e-19 1.241875593e-18
   1e+11    1e+03 4.969392173e-18 4.138532266e-19 1.241875593e-18
   1e+11 1.58e+03 4.969392173e-18 4.138532266e-19 1.241875593e-18
   1e+11 2.51e+03 4.969392173e-18 4.138532266e-19 1.241875593e-18
   1e+11 3.98e+03 4.969392173e-18 4.138532266e-19 1.241875593e-18
   1e+11 6.31e+03 4.969392173e-18 4.138532266e-19 1.241875593e-18
   1e+11    1e+04 4.969392173e-18 4.138532266e-19 1.241875593e-18
   1e+11 1.58e+04 4.969392173e-18 4.138532266e-19 1.241875593e-18
   1e+11 2.51e+04 4.969392173e-18 4.138532266e-19 1.241875593e-18
   1e+11 3.98e+04 4.969392173e-18 4.138532266e-19 1.241875593e-18
   1e+11 6.31e+04 4.969392173e-18 4.138532266e-19 1.241875593e-18
   1e+11    1e+05 4.969392173e-18 4.138532266e-19 1.241875593e-18
   1e+11 1.58e+05 4.969392173e-18 4.138532266e-19 1.241875593e-18
   1e+11 2.51e+05 4.969392174e-18 4.138532265e-19 1.241875594e-18
   1e+11 3.98e+05 4.969392176e-18 4.138532262e-19 1.241875594e-18
   1e+11 6.31e+05 4.969392181e-18 4.138532256e-19 1.241875596e-18
   1e+11    1e+06 4.969392193e-18 4.138532241e-19 1.241875601e-18
   1e+11 1.58e+06 4.969392223e-18 4.138532203e-19 1.241875612e-18
   1e+11 2.51e+06 4.969392299e-18 4.138532107e-19 1.241875641e-18
   1e+11 3.98e+06  4.96939249e-18 4.138531865e-19 1.241875714e-18
   1e+11 6.31e+06 4.969392969e-18 4.138531259e-19 1.241875898e-18
   1e+11    1e+07 4.969394174e-18 4.138529736e-19 1.241876358e-18
   1e+11 1.58e+07 4.969397199e-18  4.13852591e-19 1.241877515e-18
   1e+11 2.51e+07 4.969404797e-18   4.1385163e-19 1.241880421e-18
   1e+11 3.98e+07 4.969423884e-18 4.138492161e-19  1.24188772e-18
   1e+11 6.31e+07 4.969471828e-18 4.138431526e-19 1.241906054e-18
   1e+11    1e+08 4.969592257e-18 4.138279219e-19 1.241952108e-18
   1e+11 1.58e+08  4.96989476e-18  4.13789664e-19 1.242067791e-18
   1e+11 2.51e+08 4.970654608e-18 4.136935646e-19  1.24235837e-18
   1e+11 3.98e+08 4.972563217e-18 4.134521748e-19 1.243088267e-18
   1e+11 6.31e+08 4.977357167e-18 4.128458364e-19 1.244921645e-18
   1e+11    1e+09 4.989397395e-18 4.113228175e-19 1.249526633e-18
   1e+11 1.58e+09 5.019630786e-18 4.074973841e-19 1.261092272e-18
   1e+11 2.51e+09 5.095508716e-18 3.978896978e-19 1.290133944e-18
   1e+11 3.98e+09 5.285696524e-18 3.737649081e-19 1.363020906e-18
   1e+11 6.31e+09 5.760856546e-18 3.132205233e-19 1.545711485e-18
   1e+11    1e+10 6.938345926e-18 1.614814679e-19 2.002138785e-18
