   1e+04   0.0001 1.242218012e-33 1.347956078e-33 1.783788912e-33
   1e+04 0.000158 1.958205838e-33 7.260563807e-34 5.050046203e-33
   1e+04 0.000251 9.874288511e-34 2.075505998e-34 4.003935273e-33
   1e+04 0.000398 1.866065332e-33 1.038592526e-33 6.096905726e-33
   1e+04 0.000631               0 2.079847034e-34 1.310200647e-33
   1e+04    0.001 1.107040859e-33 5.210170349e-34 1.920685373e-33
   1e+04  0.00158  4.62722049e-34 3.136145271e-34 7.634652004e-34
   1e+04  0.00251 9.635625982e-34 2.101388346e-34 2.128279775e-33
   1e+04  0.00398 1.436650985e-33 3.177391085e-34 1.457219764e-33
   1e+04  0.00631 2.949868162e-34 1.072541559e-34 5.197294082e-34
   1e+04     0.01 8.971179768e-34 1.859622614e-33  2.83539064e-33
   1e+04   0.0158 9.644328169e-34 6.767842685e-34 1.201352307e-33
   1e+04   0.0251 6.241327324e-34 2.838042836e-33 7.128878543e-34
   1e+04   0.0398 1.126286158e-33 3.937304316e-33 1.456237793e-33
   1e+04   0.0631 7.643233808e-34 1.834287385e-33 1.282004152e-33
   1e+04      0.1  4.78432045e-34 2.291713881e-33 1.767907877e-33
   1e+04    0.158 3.207155039e-34 4.885553684e-33 7.964392842e-33
   1e+04    0.251  1.87871564e-33 3.557885688e-33 1.187360692e-32
   1e+04    0.398 5.989444121e-34 9.697572114e-33 1.697394874e-33
   1e+04    0.631 1.413744073e-33 3.334740214e-32 4.903750162e-32
   1e+04        1 5.299123609e-34 5.827305979e-32 5.887882286e-33
   1e+04     1.58  1.85425345e-33 7.113484565e-32 1.429979649e-31
   1e+04     2.51 1.841265963e-33 4.544694349e-31 2.049159221e-31
   1e+04     3.98 1.390927036e-33 6.777013079e-33 3.109950698e-31
   1e+04     6.31 1.192906557e-33 1.847710758e-31 6.156057301e-31
   1e+04       10 1.292576712e-33 6.206593705e-31 1.190628583e-30
   1e+04     15.8 3.429309748e-34  1.72998753e-30 3.698927121e-31
   1e+04     25.1 1.114425147e-33 2.754710078e-30  7.68483975e-31
   1e+04     39.8 1.330311949e-33 2.772828948e-30 1.062822295e-30
   1e+04     63.1 2.195765443e-33 1.884682081e-29 4.607396295e-30
   1e+04      100 1.146755278e-33 3.002209989e-29 4.470232088e-29
   1e+04      158 1.892895594e-33 1.484578267e-28 1.936088214e-28
   1e+04      251               0 1.555839602e-28 1.632290785e-28
   1e+04      398 1.938224486e-33 6.787045867e-28 4.834078131e-28
   1e+04      631 2.273798159e-33 1.513984085e-28 3.178879419e-28
   1e+04    1e+03 1.056040834e-33 9.126322792e-28 3.304999111e-28
   1e+04 1.58e+03 1.798764165e-33 1.609183606e-26 1.508550991e-26
   1e+04 2.51e+03 1.063795494e-33 2.782198653e-26  3.05042036e-26
   1e+04 3.98e+03               0 1.757682227e-26 1.704503463e-26
   1e+04 6.31e+03 1.840003392e-33 7.326098009e-26  7.80441064e-26
   1e+04    1e+04 1.223439668e-33 5.208794906e-25 5.135648036e-25
   1e+04 1.58e+04 7.979767948e-34 2.075526013e-25 2.026686813e-25
   1e+04 2.51e+04  1.06355525e-33 1.880889461e-24 1.970306511e-24
   1e+04 3.98e+04 9.939611459e-34 5.442082571e-24 5.563649964e-24
   1e+04 6.31e+04 1.117216902e-33 1.192663864e-23 1.230861039e-23
   1e+04    1e+05 1.049542186e-33 5.359558632e-24 5.622837044e-24
   1e+04 1.58e+05 1.356058895e-30 2.884294546e-20 3.050587419e-20
   1e+04 2.51e+05 5.010424053e-28 1.763821201e-17 1.889876564e-17
   1e+04 3.98e+05 3.685196502e-26 2.186685024e-15 2.378350534e-15
   1e+04 6.31e+05 8.250278246e-25 8.375116464e-14 9.264182297e-14
   1e+04    1e+06 7.677256424e-24 1.349274965e-12 1.520063198e-12
   1e+04 1.58e+06 3.732605574e-23 1.146151374e-11 1.315845417e-11
   1e+04 2.51e+06 1.121348926e-22 6.056432344e-11 7.081454355e-11
   1e+04 3.98e+06 2.353395388e-22 2.246436348e-10 2.669788684e-10
   1e+04 6.31e+06 3.772652415e-22 6.386263381e-10 7.688693364e-10
   1e+04    1e+07 4.927101825e-22 1.482817265e-09 1.800572356e-09
   1e+04 1.58e+07 5.494817367e-22 2.946016524e-09  3.59039282e-09
   1e+04 2.51e+07 5.426431712e-22 5.192708698e-09 6.320797748e-09
   1e+04 3.98e+07 4.893441265e-22 8.373462478e-09 1.013615207e-08
   1e+04 6.31e+07 4.140615583e-22 1.269464623e-08 1.522878443e-08
   1e+04    1e+08 3.363591717e-22 1.851517993e-08 2.195619888e-08
   1e+04 1.58e+08 2.667334353e-22  2.64189692e-08  3.09205249e-08
   1e+04 2.51e+08 2.085546035e-22  3.72510355e-08 4.299753751e-08
   1e+04 3.98e+08 1.615647678e-22 5.215681737e-08 5.936710785e-08
   1e+04 6.31e+08 1.242778741e-22 7.266879401e-08 8.159738333e-08
   1e+04    1e+09 9.502640354e-23  1.00853898e-07 1.117944876e-07
   1e+04 1.58e+09 7.228372647e-23 1.395196592e-07 1.528114758e-07
   1e+04 2.51e+09 5.473585382e-23 1.924884037e-07 2.085244245e-07
   1e+04 3.98e+09 4.128503695e-23 2.649652462e-07 2.842018416e-07
   1e+04 6.31e+09 3.103322289e-23 3.640368962e-07 3.870049249e-07
   1e+04    1e+10 2.325794387e-23 4.993496699e-07  5.26667262e-07
   1e+05   0.0001 2.984504792e-33 1.658074999e-33 1.566350001e-32
   1e+05 0.000158 7.846070141e-34  7.25415206e-34 3.532044576e-33
   1e+05 0.000251 1.980150262e-34 8.290593423e-34 3.358802304e-33
   1e+05 0.000398 3.747979159e-34 3.109052131e-34 5.069980196e-34
   1e+05 0.000631 9.458492447e-34 5.181963807e-34 5.825884798e-33
   1e+05    0.001               0 3.109378228e-34 1.592068789e-33
   1e+05  0.00158  3.76424254e-34 4.146260168e-34 5.047032335e-34
   1e+05  0.00251 1.899447937e-33 4.146929861e-34 1.060039652e-32
   1e+05  0.00398 6.987504689e-34 4.147991321e-34 2.378037298e-33
   1e+05  0.00631 3.775927421e-34 1.452385828e-33 1.759549849e-33
   1e+05     0.01 4.758794561e-34  6.22851115e-34 1.096264318e-33
   1e+05   0.0158 2.996514963e-34 7.273995257e-34 3.162238336e-33
   1e+05   0.0251 1.256417862e-34 1.248981686e-33               0
   1e+05   0.0398 1.577503678e-34  4.17390352e-34  7.97631275e-34
   1e+05   0.0631 1.382448401e-33 1.571538691e-33 1.110610464e-33
   1e+05      0.1  1.23069699e-34 1.054385822e-34 7.591907713e-34
   1e+05    0.158 9.139835919e-34 1.065020089e-34 2.025621217e-33
   1e+05    0.251 3.731957681e-34 2.163875587e-34 6.522787635e-34
   1e+05    0.398  1.12554732e-34 3.326709227e-34 6.622246853e-34
   1e+05    0.631 6.644449437e-34 6.911974288e-34 1.853586438e-33
   1e+05        1 1.524504059e-34 6.105398013e-34 1.831719828e-34
   1e+05     1.58  5.06387503e-34 3.463580693e-33 2.217012875e-33
   1e+05     2.51 5.389274707e-34 1.510711853e-34   1.1385044e-33
   1e+05     3.98 3.677315308e-34 3.411524361e-33 3.619088188e-33
   1e+05     6.31 5.459431168e-34 3.359634767e-33 6.095091983e-33
   1e+05       10  8.78324451e-34 1.351333006e-32 1.226195292e-33
   1e+05     15.8 1.667972596e-34 2.897069638e-34 9.472005114e-33
   1e+05     25.1 6.272630247e-34 4.882792196e-32 5.169619656e-32
   1e+05     39.8 7.330048625e-34 1.450074996e-31 1.732046447e-31
   1e+05     63.1 8.197403903e-34 3.461855488e-32  4.92840279e-33
   1e+05      100 3.813266075e-34 6.958032291e-32 8.197441386e-32
   1e+05      158 2.363015103e-34 7.639813504e-32 2.560360773e-31
   1e+05      251 8.781963841e-34 1.088038756e-30 1.018597042e-30
   1e+05      398 2.039450904e-34 1.600868427e-30 4.100858789e-31
   1e+05      631 3.788873572e-34 3.400306526e-30 2.519731365e-30
   1e+05    1e+03 5.279608032e-34 6.831413893e-31 2.117990051e-30
   1e+05 1.58e+03 1.144598105e-33 4.393640895e-30 9.739970554e-30
   1e+05 2.51e+03 1.063760248e-33 1.817340699e-29 1.443588283e-29
   1e+05 3.98e+03 9.890085631e-34 4.813039293e-29 5.300669177e-29
   1e+05 6.31e+03 7.885652029e-34 7.348730107e-29 1.575901845e-29
   1e+05    1e+04 6.117166013e-34 2.194621766e-28 3.086314831e-28
   1e+05 1.58e+04               0 1.048491491e-27 1.110866513e-27
   1e+05 2.51e+04 3.190660767e-34 2.875721812e-29 5.299131654e-28
   1e+05 3.98e+04   5.9637618e-34 9.003804115e-27  8.41033222e-27
   1e+05 6.31e+04 1.489621844e-33 2.380109429e-26 2.397526897e-26
   1e+05    1e+05 3.498473062e-34 2.711927607e-26 3.023182083e-26
   1e+05 1.58e+05  4.94851735e-34  8.60920934e-26 8.585417107e-26
   1e+05 2.51e+05 3.125863814e-34 2.874766209e-25 3.045007705e-25
   1e+05 3.98e+05 1.489731022e-33 9.246448503e-25 9.699925192e-25
   1e+05 6.31e+05 5.720820606e-34 2.121042757e-24 2.310043198e-24
   1e+05    1e+06               0 3.343693337e-25 3.613741978e-25
   1e+05 1.58e+06 6.767667206e-34 4.681585258e-24 5.304049701e-24
   1e+05 2.51e+06 1.336981454e-34 1.319802223e-23 1.518436745e-23
   1e+05 3.98e+06 4.005613772e-34  4.03815598e-25 3.860607229e-25
   1e+05 6.31e+06 2.332476224e-31 7.823400868e-22 9.942131306e-22
   1e+05    1e+07 5.631687396e-29 2.808709378e-19 3.616120997e-19
   1e+05 1.58e+07 3.419526854e-27 2.846101665e-17 3.663585806e-17
   1e+05 2.51e+07 7.496662645e-26 1.051917426e-15  1.34559173e-15
   1e+05 3.98e+07 7.667385177e-25 1.830592309e-14 2.315316023e-14
   1e+05 6.31e+07 4.411096273e-24 1.806934623e-13 2.251296129e-13
   1e+05    1e+08 1.637224098e-23 1.159463708e-12 1.419675892e-12
   1e+05 1.58e+08 4.337307057e-23 5.347477168e-12 6.427147711e-12
   1e+05 2.51e+08 8.840130027e-23 1.909621732e-11 2.252551038e-11
   1e+05 3.98e+08 1.466178323e-22 5.581961081e-11 6.465575755e-11
   1e+05 6.31e+08 2.064214988e-22 1.392516027e-10 1.585479065e-10
   1e+05    1e+09 2.547157991e-22  3.05964905e-10 3.428819956e-10
   1e+05 1.58e+09 2.822529025e-22 6.063862376e-10 6.698359038e-10
   1e+05 2.51e+09 2.861236773e-22 1.103807422e-09 1.203663642e-09
   1e+05 3.98e+09 2.691980584e-22 1.871511426e-09 2.017557388e-09
   1e+05 6.31e+09 2.378651671e-22  2.98961695e-09 3.190525191e-09
   1e+05    1e+10 1.994802881e-22  4.54543083e-09 4.808158876e-09
   1e+06   0.0001 1.193842209e-33 1.035886463e-34 9.168723318e-33
   1e+06 0.000158 3.766315121e-34 7.251207576e-34 2.220082923e-33
   1e+06 0.000251 1.584254507e-33 4.143549302e-34   1.4554193e-32
   1e+06 0.000398 1.899231258e-33 9.322993477e-34 1.660306962e-32
   1e+06 0.000631 1.639821145e-33 8.287115944e-34 1.627056634e-32
   1e+06    0.001               0 8.287132794e-34 5.571300495e-33
   1e+06  0.00158 5.021674584e-34 7.251264561e-34 8.829944703e-34
   1e+06  0.00251 8.871604291e-34 4.143600912e-34 5.897720398e-33
   1e+06  0.00398 1.599289511e-33 1.035908613e-34 7.129321495e-33
   1e+06  0.00631 1.210869096e-33 1.035921902e-34 7.156260171e-33
   1e+06     0.01 7.639756916e-34 3.107828894e-34 4.278175162e-33
   1e+06   0.0158 1.606683399e-34 5.179881732e-34 4.573009556e-33
   1e+06   0.0251  9.12280677e-34 7.252204775e-34 5.123658401e-33
   1e+06   0.0398 1.151034152e-33 6.216678646e-34 3.367289121e-33
   1e+06   0.0631 4.840448685e-34 2.072492023e-34 4.395570669e-33
   1e+06      0.1 3.052876564e-34 5.182283305e-34 6.221363603e-34
   1e+06    0.158 1.411663913e-33  1.86622298e-33 1.380872574e-33
   1e+06    0.251 1.132463871e-33 5.186598913e-34 2.815268812e-33
   1e+06    0.398 3.057367729e-34 3.114476214e-34 1.364461909e-33
   1e+06    0.631 5.131093735e-34 1.143437701e-33               0
   1e+06        1  1.61225342e-34 3.124793771e-34 1.250449407e-33
   1e+06     1.58 1.010839986e-34 2.089886589e-34 3.727872458e-34
   1e+06     2.51 3.788931143e-34 2.205529182e-33 1.880467439e-33
   1e+06     3.98 9.415427341e-34 7.410775136e-34 1.423080251e-33
   1e+06     6.31 5.799862342e-34 1.072083513e-33 1.268890061e-34
   1e+06       10 4.703717731e-34 3.280263684e-34  9.23000322e-34
   1e+06     15.8 5.618667298e-34 1.127471447e-34 8.380261873e-34
   1e+06     25.1 4.908972118e-34 1.063769791e-33 1.113943609e-33
   1e+06     39.8 1.107388569e-33 1.523348376e-33 1.185171496e-33
   1e+06     63.1 5.010460562e-34 3.102391325e-33 4.903927872e-33
   1e+06      100 5.227898984e-34 9.814728149e-34 4.028828693e-33
   1e+06      158 4.206182837e-34 4.183781951e-33 5.556027253e-34
   1e+06      251 1.026896425e-34 1.713279084e-32 2.992549464e-33
   1e+06      398 3.929879002e-34 2.103133388e-32 2.467029075e-32
   1e+06      631 5.568140135e-34 1.964944479e-32 2.420334665e-32
   1e+06    1e+03 3.480606566e-34 1.805884971e-32  1.29374515e-32
   1e+06 1.58e+03 1.625223761e-33 2.890198022e-32 1.044091747e-31
   1e+06 2.51e+03 1.514645212e-34 2.227441925e-31 1.260105888e-31
   1e+06 3.98e+03 4.231015139e-34 2.444792282e-31 6.477445972e-32
   1e+06 6.31e+03 5.251988583e-34 6.134284028e-31 2.453927706e-31
   1e+06    1e+04 1.100508383e-33 3.449041984e-31 1.175012071e-30
   1e+06 1.58e+04 1.139636427e-34 2.183093751e-30 1.380709769e-30
   1e+06 2.51e+04 4.253550112e-34 3.364697549e-30 2.109469133e-30
   1e+06 3.98e+04 8.944881436e-34 1.053069715e-30 4.686605848e-30
   1e+06 6.31e+04 5.585822195e-34   7.7324189e-30 3.975955849e-30
   1e+06    1e+05 2.273949534e-33 3.802198113e-29 6.702304553e-29
   1e+06 1.58e+05 9.896895814e-34 4.431474214e-31 3.217072867e-29
   1e+06 2.51e+05 7.814598794e-34 2.562687022e-28 1.999025265e-28
   1e+06 3.98e+05 1.340752102e-33 1.752520097e-28 4.761030814e-29
   1e+06 6.31e+05 1.287181487e-33 4.158393483e-28 7.504771983e-28
   1e+06    1e+06 5.538777587e-34 3.740600523e-27 3.998384338e-27
   1e+06 1.58e+06  2.16565175e-33 8.099938906e-28 3.801825604e-28
   1e+06 2.51e+06 1.738075057e-33 3.469249789e-27 1.728446583e-27
   1e+06 3.98e+06 1.735765466e-33 1.496705542e-26 1.919089349e-26
   1e+06 6.31e+06 1.213426721e-33 9.806737447e-26 1.162262886e-25
   1e+06    1e+07 2.752138259e-34 1.625065941e-25 1.975241976e-25
   1e+06 1.58e+07 7.092638584e-34 1.695203357e-26  2.76477605e-26
   1e+06 2.51e+07 1.475468088e-34 1.544557722e-25 1.904834352e-25
   1e+06 3.98e+07 1.392068696e-33 7.666708562e-26 7.897637548e-26
   1e+06 6.31e+07 1.469031116e-33 9.965824905e-25 1.206652194e-24
   1e+06    1e+08 1.039198302e-33 8.964479613e-25 1.094243336e-24
   1e+06 1.58e+08 2.030664743e-33  4.86222385e-24 5.644601509e-24
   1e+06 2.51e+08 8.885971624e-34 7.712299231e-24 8.904893763e-24
   1e+06 3.98e+08 9.531697871e-34 6.563259317e-24 7.403762019e-24
   1e+06 6.31e+08 5.692595908e-34  2.29151907e-24 2.498197538e-24
   1e+06    1e+09 9.317416597e-33 2.305959124e-23  2.67637624e-23
   1e+06 1.58e+09 8.461115398e-31 3.671035076e-21 4.208160722e-21
   1e+06 2.51e+09 3.210113289e-29 2.328701806e-19  2.62018798e-19
   1e+06 3.98e+09 6.254876358e-28 7.677323314e-18 8.494715185e-18
   1e+06 6.31e+09 7.076494816e-27 1.480472431e-16 1.614081433e-16
   1e+06    1e+10 5.113565937e-26 1.836358028e-15  1.97647111e-15
   1e+07   0.0001  1.59179131e-33 3.095948253e-34 1.579057062e-32
   1e+07 0.000158 1.004352397e-34 1.651172418e-33 7.366632556e-33
   1e+07 0.000251 2.534814005e-34 1.031982778e-34  4.15833528e-33
   1e+07 0.000398 3.198718864e-34 1.031982804e-34 6.970739607e-33
   1e+07 0.000631               0 2.063965692e-33 4.017410255e-34
   1e+07    0.001 2.928895096e-33 1.031982912e-33 2.706045794e-32
   1e+07  0.00158 4.820889122e-34 3.095949052e-34 7.820741995e-33
   1e+07  0.00251 7.097473648e-34 9.287848651e-34 1.269492283e-32
   1e+07  0.00398 6.397429776e-34 7.223884129e-34 4.277501988e-33
   1e+07  0.00631  1.93752098e-33 1.341579024e-33 1.217778694e-32
   1e+07     0.01 1.731862997e-33 1.031984527e-34 1.472409591e-32
   1e+07   0.0158 2.571128143e-34 6.191913455e-34 3.153532874e-34
   1e+07   0.0251 1.297813575e-33 4.127948955e-34  6.24752612e-33
   1e+07   0.0398 1.433006459e-33 1.135188861e-33 1.029775457e-32
   1e+07   0.0631 1.549986252e-33 1.238392861e-33 1.349613518e-32
   1e+07      0.1 1.629937816e-33 8.256005366e-34 1.032195286e-32
   1e+07    0.158 1.234080446e-33 1.135212279e-33 7.292726901e-33
   1e+07    0.251 1.297711807e-33 1.444838907e-33 9.527854455e-33
   1e+07    0.398 6.550072577e-34               0 4.579817572e-33
   1e+07    0.631 1.239744798e-33 1.032095914e-34 5.100790751e-33
   1e+07        1 7.821259865e-34 5.160810576e-34 3.731414246e-33
   1e+07     1.58 3.289253823e-34  9.29040335e-34 6.160936048e-34
   1e+07     2.51 5.186780411e-34 7.227033367e-34 3.027463151e-33
   1e+07     3.98 2.616777598e-34 3.098090761e-34 7.741031761e-34
   1e+07     6.31 4.949234489e-34               0 1.227370831e-33
   1e+07       10 2.079182946e-34  3.10133089e-34 6.812777154e-34
   1e+07     15.8 2.618462302e-34 7.243787707e-34               0
   1e+07     25.1 9.881275878e-34 4.145965397e-34 2.451169338e-33
   1e+07     39.8 9.305096967e-34 7.273917243e-34 3.602697371e-33
   1e+07     63.1 7.766520132e-34 4.173274348e-34 1.084634858e-33
   1e+07      100 6.453438276e-34  1.25995821e-33  1.97721442e-33
   1e+07      158 1.997135486e-34  1.90894209e-33 1.285951654e-33
   1e+07      251 1.223376423e-34  6.46389426e-34 1.752054186e-33
   1e+07      398               0 6.624420968e-34 5.175099866e-34
   1e+07      631               0 3.096355582e-33 3.195705188e-33
   1e+07    1e+03 1.000587157e-33 9.721835746e-34 3.579685219e-34
   1e+07 1.58e+03               0  6.62539011e-34 1.238132131e-33
   1e+07 2.51e+03 4.725091724e-34 2.101791068e-33 5.564218686e-34
   1e+07 3.98e+03 3.632771961e-34 1.781406141e-33 1.048167753e-33
   1e+07 6.31e+03 1.321164642e-33  4.76506481e-33 2.848895383e-33
   1e+07    1e+04 1.162679906e-34 1.403720943e-32 1.317825038e-32
   1e+07 1.58e+04 1.108181302e-34 1.704654156e-32 1.233556986e-32
   1e+07 2.51e+04 5.235664543e-34 3.566617669e-32 1.702557294e-32
   1e+07 3.98e+04 2.956546224e-34 5.912444828e-32 1.375558676e-32
   1e+07 6.31e+04 1.482670823e-33 2.212568109e-31 1.076623776e-31
   1e+07    1e+05 5.234248097e-34 1.982287056e-31 2.507511563e-31
   1e+07 1.58e+05  4.94151698e-34 5.152321718e-31 4.365970911e-31
   1e+07 2.51e+05 3.123412458e-34 7.778631332e-31 8.627729556e-31
   1e+07 3.98e+05 8.934471379e-34 1.855630261e-31 1.903305863e-30
   1e+07 6.31e+05               0 2.208289496e-30 2.180333478e-30
   1e+07    1e+06 6.922504746e-34 2.629564234e-33  2.10496285e-31
   1e+07 1.58e+06 1.218080367e-33 8.652898109e-30 2.078682852e-31
   1e+07 2.51e+06 1.069533402e-33 9.208882516e-30 9.400643717e-30
   1e+07 3.98e+06 2.403298036e-33 1.184674544e-30   4.6877088e-29
   1e+07 6.31e+06 2.696455615e-33 2.136043582e-29 5.743535374e-30
   1e+07    1e+07 1.376053558e-34 1.177899551e-29 3.198911885e-30
   1e+07 1.58e+07 4.255551939e-34 6.911235363e-29 1.438844625e-28
   1e+07 2.51e+07 1.475460916e-34 4.387551084e-29 1.549806003e-28
   1e+07 3.98e+07 7.733689558e-34 4.864189778e-28 6.868772747e-28
   1e+07 6.31e+07 1.305802483e-33 1.732437805e-27 1.977111296e-27
   1e+07    1e+08 1.558794991e-33 4.968080878e-28 5.877134636e-28
   1e+07 1.58e+08 3.692113595e-34 2.986204525e-27 2.518768133e-27
   1e+07 2.51e+08 3.949317579e-34 1.165492296e-27 7.737922392e-28
   1e+07 3.98e+08 2.224061565e-33 7.131652786e-28 1.707978814e-27
   1e+07 6.31e+08 1.138518711e-33 1.849833119e-26 2.140599442e-26
   1e+07    1e+09    4.903902e-34 4.752969234e-26 5.449887308e-26
   1e+07 1.58e+09 2.775869154e-33 8.186067613e-26  9.47996548e-26
   1e+07 2.51e+09 2.853179963e-33 1.096992646e-25 1.148481876e-25
   1e+07 3.98e+09 3.081529192e-34 2.052512792e-26 2.184866878e-26
   1e+07 6.31e+09    1.498491e-33 3.426022391e-25    3.718732e-25
   1e+07    1e+10 5.399905847e-34 1.848556486e-26 1.472225227e-26
   1e+08   0.0001 1.655463018e-33 4.977023796e-34 1.349839078e-32
   1e+08 0.000158  9.64178353e-34 2.588052375e-33 2.008164163e-32
   1e+08 0.000251 1.216710825e-33 1.692188092e-33 7.037182482e-33
   1e+08 0.000398 1.791282804e-33 9.954047608e-34 2.344703164e-32
   1e+08 0.000631 6.458417361e-34 2.388971429e-33 5.925679492e-33
   1e+08    0.001 2.546866157e-33 1.990809528e-34 2.769716991e-32
   1e+08  0.00158 1.542685342e-33               0 1.753359428e-32
   1e+08  0.00251 1.784509168e-33 2.687592885e-33 1.469411702e-32
   1e+08  0.00398  2.04718027e-33  1.99080956e-34  2.18627732e-32
   1e+08  0.00631 1.033346716e-33  3.98161917e-34 7.658187729e-33
   1e+08     0.01 3.748986629e-33               0 4.088914304e-32
   1e+08   0.0158 4.113826961e-34 2.787133562e-33   6.1493726e-33
   1e+08   0.0251 5.191298163e-34 1.194485872e-33 7.496999454e-34
   1e+08   0.0398 3.275487197e-34 1.094945469e-33 6.931134235e-34
   1e+08   0.0631 1.033346099e-34 6.967835678e-34 1.569301276e-33
   1e+08      0.1 1.434393526e-33 9.954052946e-35 9.078190346e-33
   1e+08    0.158 9.873169895e-34 1.094946169e-33  1.00518673e-32
   1e+08    0.251               0  5.97243663e-34 7.809384578e-34
   1e+08    0.398 3.930569827e-34               0 4.703279344e-33
   1e+08    0.631 1.488009496e-33 5.972448842e-34 9.023511788e-33
   1e+08        1 3.129556256e-34 9.954101183e-35 4.974376604e-33
   1e+08     1.58 1.316402906e-34               0 3.695569743e-33
   1e+08     2.51 8.305859853e-34 1.194501866e-33 2.147608662e-33
   1e+08     3.98 2.515469909e-33 4.977130479e-34 1.376975267e-32
   1e+08     6.31 6.612980636e-34 8.958947182e-34 6.375515306e-33
   1e+08       10 1.668938716e-33 6.968208486e-34 6.801257287e-33
   1e+08     15.8 2.316521644e-33 1.294136615e-33 9.547671136e-33
   1e+08     25.1 7.971730395e-34 6.968775714e-34 4.149328496e-33
   1e+08     39.8               0 3.982472529e-34 1.934352266e-34
   1e+08     63.1 1.057445533e-33 3.982971743e-34 5.059150692e-33
   1e+08      100 8.003333117e-34 9.959407395e-35 3.523901456e-33
   1e+08      158 1.009332439e-33 9.962542473e-34 4.045674635e-33
   1e+08      251 4.241512802e-34 1.993502296e-34 1.832964549e-33
   1e+08      398 8.016300703e-34 3.990154975e-34 2.180627512e-33
   1e+08      631 3.363773138e-34 4.993935758e-34 7.690397557e-34
   1e+08    1e+03 3.171400159e-34 5.003830626e-34               0
   1e+08 1.58e+03 5.303893717e-34 1.807026353e-33 3.641824489e-34
   1e+08 2.51e+03 3.314945293e-34 5.044391482e-34 1.353904276e-33
   1e+08 3.98e+03 2.060874924e-34 8.134147072e-34 1.236411164e-33
   1e+08 6.31e+03               0  1.23514395e-33 1.116766277e-33
   1e+08    1e+04 6.195118534e-34 4.196627792e-34 1.003609087e-33
   1e+08 1.58e+04  1.85500852e-34 1.188784389e-33 8.209170091e-34
   1e+08 2.51e+04               0 1.583176201e-33 1.365790997e-33
   1e+08 3.98e+04 2.462048994e-34 8.472815883e-34 5.821094591e-34
   1e+08 6.31e+04               0 1.870681077e-33 6.157027867e-34
   1e+08    1e+05 4.272401296e-34  2.29947838e-33 1.509545074e-33
   1e+08 1.58e+05 4.367780378e-34 6.234559647e-33 7.089122178e-33
   1e+08 2.51e+05 5.810309081e-34 5.004746173e-33 6.212483859e-33
   1e+08 3.98e+05 2.856405077e-34 5.920504736e-33 1.949097673e-32
   1e+08 6.31e+05 1.116820042e-33 1.663300709e-33 8.652912409e-33
   1e+08    1e+06 4.096571084e-34 3.540173496e-32 6.739802987e-32
   1e+08 1.58e+06 9.398010437e-34 4.338018147e-33 3.516261607e-32
   1e+08 2.51e+06 2.128884641e-33 1.284371296e-31  3.18308476e-32
   1e+08 3.98e+06 5.325272399e-34 1.071603903e-31 1.603915937e-31
   1e+08 6.31e+06 5.383293516e-34 3.105315107e-31 2.714225225e-31
   1e+08    1e+07  5.49799542e-34 3.168578841e-31 4.402832268e-31
   1e+08 1.58e+07 1.417478012e-34 7.962750857e-32 7.410485479e-31
   1e+08 2.51e+07 2.949488494e-34 4.582548679e-31 1.409107498e-30
   1e+08 3.98e+07 1.391606819e-33 3.802136375e-31 5.306662408e-31
   1e+08 6.31e+07 3.590145056e-33 1.628402916e-30 1.356792979e-30
   1e+08    1e+08 2.251237363e-33 3.980079437e-30 3.063544304e-30
   1e+08 1.58e+08 3.691701804e-34 3.044907962e-30 4.761785966e-30
   1e+08 2.51e+08 2.961752526e-34 3.844345143e-30 6.022097203e-30
   1e+08 3.98e+08 1.059016379e-34 1.715560515e-30 4.896847311e-30
   1e+08 6.31e+08 1.593860318e-33 8.357864086e-30  1.90303354e-29
   1e+08    1e+09 1.225938712e-33  2.58007617e-29 8.083824807e-30
   1e+08 1.58e+09 3.965440681e-34 3.815413703e-30 1.352825393e-29
   1e+08 2.51e+09 5.706268835e-34 1.188707772e-28 1.321431672e-28
   1e+08 3.98e+09  2.92741854e-33 9.722662076e-29 5.905137618e-30
   1e+08 6.31e+09 9.989854507e-34 1.348601226e-28 1.982810788e-28
   1e+08    1e+10  3.05992744e-33 3.319074037e-28 4.313393576e-28
   1e+09   0.0001 9.474966438e-34 1.511702253e-34 2.179170418e-34
   1e+09 0.000158 2.652990603e-33 1.197943305e-34               0
   1e+09 0.000251               0               0 1.718704475e-34
   1e+09 0.000398 6.063978521e-33 1.504548766e-34 2.158595225e-34
   1e+09 0.000631 6.821975836e-33 2.384549098e-34 1.355536515e-34
   1e+09    0.001 1.136995973e-33 1.889627816e-34 1.702476889e-34
   1e+09  0.00158 2.652990603e-33 2.994858262e-34 1.069107149e-34
   1e+09  0.00251 2.652990603e-33 1.186632618e-34 1.342737871e-34
   1e+09  0.00398  1.51599463e-33               0  3.37280504e-34
   1e+09  0.00631 1.136995973e-33               0 3.177038706e-34
   1e+09     0.01 5.684979863e-34 1.181017385e-34 3.990180209e-34
   1e+09   0.0158 8.337970466e-33               0 3.340959842e-34
   1e+09   0.0251 1.136995973e-33 1.483290772e-34 7.343097733e-34
   1e+09   0.0398 1.894993288e-33 1.175428724e-34 2.635003937e-34
   1e+09   0.0631 5.305981205e-33 1.862928983e-34  1.65470766e-34
   1e+09      0.1 3.031989259e-33               0 4.156437719e-34
   1e+09    0.158 4.737483215e-33  1.16986651e-34 2.610124878e-34
   1e+09    0.251  1.13699597e-33  1.85411347e-34 3.278168637e-34
   1e+09    0.398 3.789986552e-34 1.469285913e-34 2.058596836e-34
   1e+09    0.631 1.326495281e-33 1.164330631e-34 1.292740374e-34
   1e+09        1 2.652990501e-33               0 1.623608531e-34
   1e+09     1.58 2.652990346e-33 1.462333268e-34 1.019580106e-34
   1e+09     2.51 3.789985656e-34               0  1.28053486e-34
   1e+09     3.98 3.600485052e-33 1.836608427e-34 6.433118098e-34
   1e+09     6.31 1.136994232e-33 1.455415349e-34 1.009954595e-34
   1e+09       10 2.652980399e-33               0               0
   1e+09     15.8 2.463467474e-33               0 1.593105635e-34
   1e+09     25.1 3.031915684e-33 2.897117964e-34 1.000436347e-34
   1e+09     39.8 2.084365563e-33 1.147944975e-34               0
   1e+09     63.1  7.19987215e-33  1.81952678e-34               0
   1e+09      100 5.682794599e-34  1.44218947e-34 3.965060187e-34
   1e+09      158 3.407697301e-33               0 3.736585913e-34
   1e+09      251 9.641097447e-33 1.814756427e-34 6.264257033e-34
   1e+09      398 5.650639108e-33               0 1.972387181e-34
   1e+09      631 6.533193423e-33               0 1.247181404e-34
   1e+09    1e+03               0 1.865400795e-34 3.185425027e-34
   1e+09 1.58e+03 1.387813897e-33               0 2.077999947e-34
   1e+09 2.51e+03               0               0               0
   1e+09 3.98e+03 8.902422092e-34 1.285011997e-34               0
   1e+09 6.31e+03 7.516498477e-34 1.303166031e-34   2.8729684e-34
   1e+09    1e+04 6.417894714e-34 1.329756218e-34 9.477114681e-34
   1e+09 1.58e+04 1.173679945e-33               0 2.345671358e-33
   1e+09 2.51e+04 9.645042249e-34 3.876811618e-34 1.128324591e-33
   1e+09 3.98e+04 8.136924678e-34 5.036875241e-34 1.070397941e-33
   1e+09 6.31e+04 8.533496577e-34 5.736060201e-34 8.856390552e-34
   1e+09    1e+05 4.276960236e-34 9.143148637e-34 1.197007769e-33
   1e+09 1.58e+05 1.199714017e-33 1.572611996e-34 2.124132543e-33
   1e+09 2.51e+05 1.155273127e-33 1.608639597e-34 1.561315425e-33
   1e+09 3.98e+05 6.069755218e-34 1.153706057e-33 2.035544279e-33
   1e+09 6.31e+05 3.669773137e-34 3.404841184e-34               0
   1e+09    1e+06 4.358011659e-34 3.564457156e-34   5.2960487e-34
   1e+09 1.58e+06 1.181397316e-33 3.799956915e-34 1.215896788e-33
   1e+09 2.51e+06 1.148706481e-33 5.175444186e-34 3.903504517e-33
   1e+09 3.98e+06 1.485949903e-33 2.654765123e-33 7.367007248e-33
   1e+09 6.31e+06 3.465053532e-34  2.23517723e-33 3.794668033e-33
   1e+09    1e+07 1.488921629e-33 3.501729088e-33 1.536435181e-33
   1e+09 1.58e+07  1.58805026e-33 8.904890487e-34 2.220630855e-33
   1e+09 2.51e+07 1.830015363e-33 2.092952139e-33 3.672883627e-33
   1e+09 3.98e+07 1.198150113e-33 1.600252842e-33  1.42179717e-32
   1e+09 6.31e+07 9.576836397e-34 2.314909692e-33 9.366804929e-33
   1e+09    1e+08 1.704987701e-34 2.139739401e-32 2.862873113e-32
   1e+09 1.58e+08 9.127934398e-34 3.184836333e-32 4.816308828e-32
   1e+09 2.51e+08               0 6.688117848e-32 7.076775982e-32
   1e+09 3.98e+08 1.579515764e-33 8.340129458e-32 1.863802728e-31
   1e+09 6.31e+08 2.721106058e-33 1.716858559e-31 1.039702603e-31
   1e+09    1e+09               0 8.463762112e-32 5.592142959e-32
   1e+09 1.58e+09  7.91360014e-34 1.868715081e-31 2.423501617e-31
   1e+09 2.51e+09 1.566724723e-33 1.571362611e-31  5.33816088e-31
   1e+09 3.98e+09 1.846740102e-33 4.787553563e-31 2.461975998e-32
   1e+09 6.31e+09 1.663552674e-33 2.880402099e-31 3.847856865e-31
   1e+09    1e+10 3.597657099e-34 4.556629123e-31 2.678467519e-32
   1e+10   0.0001 5.438699241e-34               0 1.369828816e-34
   1e+10 0.000158               0               0 1.720427208e-34
   1e+10 0.000251 7.251598987e-34               0  2.16075888e-34
   1e+10 0.000398 9.064498734e-34 1.082359565e-34 2.713790456e-34
   1e+10 0.000631 3.625799494e-34               0 1.704183356e-34
   1e+10    0.001 3.625799494e-34 2.718764306e-34               0
   1e+10  0.00158 3.625799494e-34  1.07723776e-34 2.688167512e-34
   1e+10  0.00251 3.625799494e-34 1.707306793e-34               0
   1e+10  0.00398               0 1.352949457e-34               0
   1e+10  0.00631 1.812899747e-34 2.144280383e-34               0
   1e+10     0.01 1.812899747e-34               0               0
   1e+10   0.0158 5.438699241e-34   1.3465472e-34 1.050065434e-34
   1e+10   0.0251 3.625799494e-34 1.067066745e-34               0
   1e+10   0.0398 9.064498734e-34 1.691186821e-34  3.31273249e-34
   1e+10   0.0631 7.251598987e-34  1.34017524e-34 2.080301948e-34
   1e+10      0.1 3.625799494e-34 1.062017307e-34 2.612741119e-34
   1e+10    0.158 7.251598987e-34    1.683184e-34 1.640727241e-34
   1e+10    0.251 3.625799494e-34 1.333833432e-34 1.030330124e-34
   1e+10    0.398 7.251598987e-34               0 3.882108387e-34
   1e+10    0.631 7.251598987e-34  1.67521905e-34               0
   1e+10        1 3.625799494e-34               0               0
   1e+10     1.58 3.625799494e-34     3.15597e-34               0
   1e+10     2.51 3.625799494e-34               0 1.609890818e-34
   1e+10     3.98 1.812899747e-33 2.642479407e-34 4.043862903e-34
   1e+10     6.31 9.064498734e-34 1.047011906e-34               0
   1e+10       10 1.087739848e-33 1.659402042e-34 1.594690624e-34
   1e+10     15.8 7.251598987e-34               0 2.002840871e-34
   1e+10     25.1 7.251598987e-34 1.042057369e-34               0
   1e+10     39.8 5.438699241e-34  1.65154963e-34               0
   1e+10     63.1 7.251598987e-34               0               0
   1e+10      100 3.625799494e-34 1.037126276e-34               0
   1e+10      158 1.087739848e-33 1.643734375e-34 3.129438861e-34
   1e+10      251 3.625799494e-34               0 9.825993765e-35
   1e+10      398 7.251598987e-34 1.032218519e-34 1.234089021e-34
   1e+10      631 3.625799494e-34               0               0
   1e+10    1e+03               0 1.296407846e-34 9.733219142e-35
   1e+10 1.58e+03 1.812899747e-34 1.027333985e-34  2.44487411e-34
   1e+10 2.51e+03               0               0 1.535311526e-34
   1e+10 3.98e+03 7.251598981e-34 1.290273149e-34               0
   1e+10 6.31e+03 5.438699228e-34 1.022472566e-34 2.421790211e-34
   1e+10    1e+04               0 1.620509812e-34 1.520815495e-34
   1e+10 1.58e+04 1.087739832e-33               0 1.910057912e-34
   1e+10 2.51e+04 7.251598723e-34 1.017634169e-34 3.598386455e-34
   1e+10 3.98e+04 3.625799161e-34               0 1.506456394e-34
   1e+10 6.31e+04 1.812899329e-34 1.278090861e-34               0
   1e+10    1e+05 3.625797397e-34 2.025637879e-34 2.376274904e-34
   1e+10 1.58e+05 1.812897113e-34               0               0
   1e+10 2.51e+05 1.087735879e-33 1.272045146e-34 1.874163058e-34
   1e+10 3.98e+05               0               0 1.176924493e-34
   1e+10 6.31e+05 3.625716011e-34 1.597632873e-34               0
   1e+10    1e+06 5.438384707e-34 2.532124168e-34  3.71303772e-34
   1e+10 1.58e+06 3.625272841e-34               0               0
   1e+10 2.51e+06 1.812238499e-34               0 1.464458988e-34
   1e+10 3.98e+06 3.622480027e-34               0  1.83979303e-34
   1e+10 6.31e+06 3.617477041e-34 1.999448206e-34  1.15614978e-34
   1e+10    1e+07  3.60499262e-34               0               0
   1e+10 1.58e+07               0               0 3.669720176e-34
   1e+10 2.51e+07               0 1.012390802e-34  1.16443826e-34
   1e+10 3.98e+07 4.994965713e-34 1.645714282e-34 1.498375256e-34
   1e+10 6.31e+07 8.960030391e-34 1.374080527e-34 2.966780516e-34
   1e+10    1e+08 2.427587204e-34               0               0
   1e+10 1.58e+08 1.752032869e-34 3.076899807e-34 3.658159927e-34
   1e+10 2.51e+08 3.433491005e-34 4.953595128e-34               0
   1e+10 3.98e+08 1.403945487e-34 3.510259118e-34 2.576568125e-34
   1e+10 6.31e+08 3.323485341e-34 1.478054174e-34 1.157832277e-33
   1e+10    1e+09 5.774561455e-34 1.919377287e-33    6.022169e-34
   1e+10 1.58e+09 1.208102313e-33 1.000570306e-34 3.729114977e-33
   1e+10 2.51e+09 1.239017328e-33 2.617589895e-33 1.783266183e-33
   1e+10 3.98e+09 1.246528744e-33 2.072311052e-33 3.759442755e-33
   1e+10 6.31e+09 4.610602661e-34 4.437642942e-34 1.622593059e-34
   1e+10    1e+10 1.356283319e-33 3.562176746e-33 1.166174767e-32
   1e+11   0.0001  8.30413597e-34 2.198448809e-34 4.053211917e-34
   1e+11 0.000158 1.107218129e-33 1.742153276e-34 3.393736006e-34
   1e+11 0.000251 2.214436259e-33               0 5.327924642e-34
   1e+11 0.000398 1.660827194e-33               0 4.014942485e-34
   1e+11 0.000631 1.384022662e-33 1.733909278e-34 3.361693183e-34
   1e+11    0.001  8.30413597e-34               0 2.111047874e-34
   1e+11  0.00158 2.768045323e-34 2.177691595e-34 1.325678127e-34
   1e+11  0.00251  8.30413597e-34               0  1.66497645e-34
   1e+11  0.00398 2.768045323e-34 1.367528492e-34 1.045557939e-34
   1e+11  0.00631  8.30413597e-34 1.083693299e-34               0
   1e+11     0.01 2.768045323e-34               0               0
   1e+11   0.0158 1.937631726e-33 1.361057247e-34 5.178430186e-34
   1e+11   0.0251 9.688158632e-34               0 1.300762852e-34
   1e+11   0.0398 1.245620396e-33               0 6.534737117e-34
   1e+11   0.0631 1.660827194e-33 1.354616624e-34 5.129536718e-34
   1e+11      0.1  8.30413597e-34 1.073461333e-34 2.576962736e-34
   1e+11    0.158 6.920113309e-34 1.701321559e-34 1.618259433e-34
   1e+11    0.251 9.688158632e-34               0 3.048662934e-34
   1e+11    0.398 1.384022662e-33               0 3.828947529e-34
   1e+11    0.631 1.107218129e-33               0 1.602980224e-34
   1e+11        1 5.536090647e-34               0               0
   1e+11     1.58 1.660827194e-33 1.063325974e-34 5.057060728e-34
   1e+11     2.51 5.536090647e-34               0 1.587845278e-34
   1e+11     3.98               0 1.335477043e-34 9.971217525e-35
   1e+11     6.31  8.30413597e-34 1.058294237e-34   1.2523283e-34
   1e+11       10 9.688158632e-34 1.677283332e-34 3.145706465e-34
   1e+11     15.8 1.245620396e-33               0  2.96312152e-34
   1e+11     25.1 4.152067985e-34               0 2.481008247e-34
   1e+11     39.8  8.30413597e-34 1.669346304e-34 1.558002738e-34
   1e+11     63.1  1.79922946e-33               0 2.935144454e-34
   1e+11      100  8.30413597e-34 2.096604165e-34 2.457583176e-34
   1e+11      158 2.768045323e-34               0 1.543292459e-34
   1e+11      251 2.214436259e-33 1.316607889e-34 6.784006926e-34
   1e+11      398 1.107218129e-33  1.04334144e-34 4.868758557e-34
   1e+11      631 1.384022662e-34 1.653584746e-34               0
   1e+11    1e+03 1.384022662e-33               0 3.839973712e-34
   1e+11 1.58e+03 6.920113309e-34 1.038404272e-34 1.205697233e-34
   1e+11 2.51e+03 6.920113309e-34 1.645759861e-34 3.028574521e-34
   1e+11 3.98e+03 1.384022662e-33               0 5.705576434e-34
   1e+11 6.31e+03 6.920113309e-34 1.033490466e-34 2.388626671e-34
   1e+11    1e+04 1.384022662e-33               0 2.999979463e-34
   1e+11 1.58e+04 1.384022662e-33 1.298005339e-34 3.767803854e-34
   1e+11 2.51e+04 1.107218129e-33               0 2.366073844e-34
   1e+11 3.98e+04 1.384022662e-33    1.630221e-34 5.943308785e-34
   1e+11 6.31e+04 1.384022662e-33               0 3.732229174e-34
   1e+11    1e+05 1.107218129e-33 2.047465005e-34 3.515600933e-34
   1e+11 1.58e+05 2.768045323e-34               0  1.47179838e-34
   1e+11 2.51e+05 5.536090647e-34               0 1.848495191e-34
   1e+11 3.98e+05 1.107218129e-33 1.018888125e-34 2.321604994e-34
   1e+11 6.31e+05 2.214436259e-33 1.614828853e-34 5.831608084e-34
   1e+11    1e+06 6.920113308e-34               0 3.662084305e-34
   1e+11 1.58e+06 5.536090646e-34 1.014066672e-34               0
   1e+11 2.51e+06 5.536090645e-34 1.607187365e-34 1.444136868e-34
   1e+11 3.98e+06 6.920113303e-34 1.273610157e-34               0
   1e+11 6.31e+06 1.384022659e-33 1.009268034e-34 3.416957865e-34
   1e+11    1e+07 2.768045309e-34 1.599582039e-34 1.430501685e-34
   1e+11 1.58e+07  2.21443623e-33 1.267583347e-34 3.593257788e-34
   1e+11 2.51e+07 1.107218094e-33               0 3.384695839e-34
   1e+11 3.98e+07 2.768045099e-34               0               0
   1e+11 6.31e+07  2.76804476e-34  1.26158517e-34               0
   1e+11    1e+08 8.304131723e-34 9.997390279e-35 2.235159449e-34
   1e+11 1.58e+08 1.107216707e-33 1.584480193e-34 2.807234432e-34
   1e+11 2.51e+08  8.30410917e-34 3.766851467e-34 5.288595698e-34
   1e+11 3.98e+08               0               0 1.107032016e-34
   1e+11 6.31e+08 8.303966874e-34               0 4.171133615e-34
   1e+11    1e+09 1.245556685e-33 1.249705444e-34 3.492525076e-34
   1e+11 1.58e+09               0 9.903631347e-35 1.096645695e-34
   1e+11 2.51e+09 5.534304709e-34               0 2.754916908e-34
   1e+11 3.98e+09 1.106321505e-33               0 3.460862485e-34
   1e+11 6.31e+09 2.762424067e-34               0  3.26197728e-34
   1e+11    1e+10 1.927788526e-33 1.566071062e-34 5.470825307e-34
