   1e+04   0.0001 1.552772515e-33 3.110667871e-34 5.351366735e-33
   1e+04 0.000158 8.811926271e-34 1.037223401e-34 1.414012937e-33
   1e+04 0.000251 8.640002448e-34  9.33977699e-34 2.882833397e-33
   1e+04 0.000398 1.866065332e-33 3.115777579e-34 5.207773641e-33
   1e+04 0.000631 7.829402192e-34 2.079847034e-34 1.410985312e-33
   1e+04    0.001 6.150226997e-34 6.252204419e-34 4.801713433e-34
   1e+04  0.00158  9.25444098e-34 3.136145271e-34 1.272442001e-33
   1e+04  0.00251 2.023481456e-33  1.15576359e-33 2.635013055e-33
   1e+04  0.00398 8.380464081e-34 9.532173254e-34 1.619133071e-34
   1e+04  0.00631 8.849604485e-34 3.217624678e-34  1.29932352e-33
   1e+04     0.01 1.076541572e-33 6.563373933e-34 2.205303831e-33
   1e+04   0.0158 1.071592019e-34 1.127973781e-34 5.148652743e-34
   1e+04   0.0251  2.49653093e-34 1.064266064e-33 1.425775709e-33
   1e+04   0.0398 1.407857697e-33 1.397107983e-33 1.213531494e-33
   1e+04   0.0631 1.681511438e-33 1.975386414e-33 2.136673587e-34
   1e+04      0.1 2.073205528e-33 1.636938486e-34 4.321552588e-33
   1e+04    0.158 1.603577519e-33 6.779952051e-33 2.654797614e-33
   1e+04    0.251 1.252477094e-33  4.44735711e-33 1.168209713e-32
   1e+04    0.398 5.989444121e-34 3.343990384e-34 8.686667886e-33
   1e+04    0.631 1.130995258e-33 4.644017411e-32 4.533056306e-32
   1e+04        1 1.457258992e-33 3.472228951e-33 6.657836123e-32
   1e+04     1.58  1.11255207e-33 1.870355856e-32 9.112019851e-33
   1e+04     2.51 2.992057191e-33 1.231143558e-31 2.715233921e-31
   1e+04     3.98 3.102837235e-33 1.931448728e-31 5.912138539e-31
   1e+04     6.31 4.970443989e-34 1.842595987e-31 7.920117958e-31
   1e+04       10 1.477230528e-33   1.1549616e-30 2.138178643e-30
   1e+04     15.8 2.057585849e-33 2.888389636e-30 2.221812866e-30
   1e+04     25.1 3.184071847e-34 2.750537733e-31 1.046128579e-30
   1e+04     39.8 8.868746329e-34 1.071300447e-29 1.725332843e-29
   1e+04     63.1  6.86176701e-34  4.24770114e-29 2.348117487e-29
   1e+04      100 8.919207716e-34 1.077517286e-29 5.235643713e-29
   1e+04      158  1.53797767e-33 1.152735402e-28 1.954271359e-28
   1e+04      251 3.295578887e-34  4.72436119e-28  4.73390917e-28
   1e+04      398 8.160945205e-34 6.447645617e-28 6.315261636e-28
   1e+04      631 1.326382259e-33 1.379334017e-27 1.035614362e-27
   1e+04    1e+03 7.040272224e-34 6.000303457e-28 4.988598803e-28
   1e+04 1.58e+03  1.30819212e-33 1.929556364e-26 2.000283748e-26
   1e+04 2.51e+03 2.279561773e-33 3.203121925e-26 3.509981824e-26
   1e+04 3.98e+03 9.890263238e-34   4.3603117e-26 4.043961075e-26
   1e+04 6.31e+03 6.571440686e-34 1.805534872e-28 3.366645366e-29
   1e+04    1e+04 1.101095702e-33  4.85127055e-25  4.80104212e-25
   1e+04 1.58e+04 8.310358335e-32 2.023303169e-22 2.057780308e-22
   1e+04 2.51e+04 8.464027933e-29  2.97948785e-19 3.045647573e-19
   1e+04 3.98e+04 1.287339493e-26 6.883534665e-17 7.080178731e-17
   1e+04 6.31e+04 4.935381992e-25 4.094162645e-15 4.243288691e-15
   1e+04    1e+05 6.850963341e-24 9.013763343e-14 9.428566875e-14
   1e+04 1.58e+05 4.491230148e-23 9.578263595e-13 1.013004964e-12
   1e+04 2.51e+05 1.688775706e-22 5.957864699e-12 6.383423979e-12
   1e+04 3.98e+05  4.19585941e-22 2.493176916e-11 2.711639897e-11
   1e+04 6.31e+05 7.626690511e-22 7.749119748e-11 8.571592453e-11
   1e+04    1e+06    1.090288e-21 1.917332961e-10 2.160001418e-10
   1e+04 1.58e+06 1.293262827e-21 3.972788942e-10 4.560949773e-10
   1e+04 2.51e+06  1.33269706e-21  7.19999576e-10  8.41852083e-10
   1e+04 3.98e+06 1.247094779e-21 1.190655255e-09 1.415035989e-09
   1e+04 6.31e+06   1.1016147e-21 1.865048028e-09 2.245406193e-09
   1e+04    1e+07 9.425293955e-22 2.836816919e-09 3.444718754e-09
   1e+04 1.58e+07 7.904555216e-22 4.238235231e-09 5.165252772e-09
   1e+04 2.51e+07 6.525482168e-22 6.244640664e-09 7.601254141e-09
   1e+04 3.98e+07  5.31252906e-22 9.090758102e-09 1.100444341e-08
   1e+04 6.31e+07 4.271324501e-22 1.309549575e-08 1.570965177e-08
   1e+04    1e+08 3.396081418e-22 1.869408172e-08 2.216834896e-08
   1e+04 1.58e+08 2.673575813e-22 2.648081332e-08 3.099290659e-08
   1e+04 2.51e+08  2.08643961e-22 3.726700381e-08 4.301596913e-08
   1e+04 3.98e+08 1.615739006e-22 5.215976734e-08 5.937046563e-08
   1e+04 6.31e+08 1.242785074e-22 7.266916462e-08 8.159779948e-08
   1e+04    1e+09 9.502643162e-23 1.008539278e-07 1.117945207e-07
   1e+04 1.58e+09 7.228372721e-23 1.395196607e-07 1.528114774e-07
   1e+04 2.51e+09 5.473585384e-23 1.924884037e-07 2.085244245e-07
   1e+04 3.98e+09 4.128503695e-23 2.649652462e-07 2.842018416e-07
   1e+04 6.31e+09 3.103322289e-23 3.640368961e-07 3.870049249e-07
   1e+04    1e+10 2.325794387e-23 4.993496698e-07  5.26667262e-07
   1e+05   0.0001 8.704805644e-34 1.139926562e-33 1.209782521e-32
   1e+05 0.000158 1.569214028e-33 3.108922312e-34 1.160528932e-32
   1e+05 0.000251 3.960300524e-34 1.036324178e-34 4.478403072e-33
   1e+05 0.000398 3.747979159e-34 5.181753551e-34 1.140745544e-33
   1e+05 0.000631 1.576415408e-34 1.036392761e-34 5.022314481e-34
   1e+05    0.001 2.983568996e-34 8.291675275e-34 6.368275157e-34
   1e+05  0.00158 1.505697016e-33 2.073130084e-34 5.173208143e-33
   1e+05  0.00251 6.331493122e-34 1.036732465e-34 5.200194521e-33
   1e+05  0.00398 9.982149556e-35  2.07399566e-34 7.926790994e-34
   1e+05  0.00631 3.775927421e-34 2.074836897e-34 6.284106603e-34
   1e+05     0.01 1.586264854e-34 2.076170383e-34 1.993207851e-34
   1e+05   0.0158 2.996514963e-34 1.143056398e-33 1.581119168e-34
   1e+05   0.0251 2.512835723e-34 2.081636143e-34 3.764920111e-34
   1e+05   0.0398 4.732511033e-34 7.304331159e-34 1.794670369e-33
   1e+05   0.0631 3.949852574e-34  1.04769246e-34 1.586586377e-34
   1e+05      0.1  3.69209097e-34 1.054385822e-34 5.061271809e-34
   1e+05    0.158 7.616529933e-34 4.260080355e-34 5.064053041e-34
   1e+05    0.251 3.731957681e-34 4.327751174e-34 4.892090727e-34
   1e+05    0.398 4.502189278e-34 4.435612302e-34 7.946696223e-34
   1e+05    0.631  5.31555955e-34 1.267195286e-33 1.744551941e-33
   1e+05        1 4.573512176e-34 1.221079603e-33               0
   1e+05     1.58 1.350366675e-33 2.264648915e-33 6.334322499e-34
   1e+05     2.51 1.437139922e-33 3.625708447e-33   4.8386437e-33
   1e+05     3.98 7.354630617e-34 3.591078275e-33 1.876564246e-33
   1e+05     6.31 7.279241557e-34 4.031561721e-33  3.44505199e-33
   1e+05       10 1.229654231e-33 7.555840464e-33 7.357171753e-33
   1e+05     15.8 1.000783557e-33 5.987277253e-33 7.893337595e-33
   1e+05     25.1 6.272630247e-34 4.623069207e-32 2.171852045e-32
   1e+05     39.8  2.93201945e-34 7.373262694e-33  2.98233163e-32
   1e+05     63.1 8.197403903e-34 9.992984914e-33 5.438844508e-32
   1e+05      100 1.016870953e-33 3.067346021e-32 4.808660767e-32
   1e+05      158 2.363015103e-34 3.317893182e-31 2.338252278e-31
   1e+05      251  2.19549096e-34 1.549874582e-31 1.656522922e-31
   1e+05      398 3.059176357e-34 2.173221108e-30 3.386782427e-30
   1e+05      631               0 2.978616321e-30 2.773346062e-30
   1e+05    1e+03 1.407895475e-33 1.211111559e-29 9.759860447e-30
   1e+05 1.58e+03 4.905420452e-34 3.749658998e-30 6.944128897e-30
   1e+05 2.51e+03 3.039314995e-34 4.989466597e-29 4.582482672e-29
   1e+05 3.98e+03 1.412869376e-34 4.162108068e-30 1.110323687e-30
   1e+05 6.31e+03 1.314275338e-34 1.095253822e-28 2.536390905e-29
   1e+05    1e+04 7.340599215e-34 6.143892415e-28 6.622367365e-28
   1e+05 1.58e+04 9.119708616e-34  1.22924512e-27 1.186536531e-27
   1e+05 2.51e+04               0 1.001544924e-27 1.192448204e-27
   1e+05 3.98e+04   5.9637618e-34 7.516830947e-27  7.59616952e-27
   1e+05 6.31e+04 1.117216383e-33  1.81258457e-26 1.739418067e-26
   1e+05    1e+05 1.924160184e-33 2.180903756e-26 2.564365023e-26
   1e+05 1.58e+05 1.319604627e-33 7.258775662e-26  7.86541288e-26
   1e+05 2.51e+05               0 2.946909096e-25 3.158080279e-25
   1e+05 3.98e+05 2.979462043e-34 4.120197734e-25 4.206714904e-25
   1e+05 6.31e+05 3.364128557e-30 1.055673853e-21  1.21479857e-21
   1e+05    1e+06 1.243034143e-27 5.941007774e-19 7.013603813e-19
   1e+05 1.58e+06 9.264425649e-26 6.857030268e-17 8.301591979e-17
   1e+05 2.51e+06 2.125782337e-24 2.478805734e-15 3.070520042e-15
   1e+05 3.98e+06  2.04781049e-23 3.824039191e-14 4.826516487e-14
   1e+05 6.31e+06 1.039431455e-22 3.155365794e-13 4.035057075e-13
   1e+05    1e+07 3.281992238e-22 1.641512711e-12 2.112979074e-12
   1e+05 1.58e+07 7.275911102e-22 6.067526599e-12 7.809348225e-12
   1e+05 2.51e+07 1.236748572e-21 1.737785941e-11 2.222766546e-11
   1e+05 3.98e+07 1.717999548e-21 4.105872559e-11 5.192808061e-11
   1e+05 6.31e+07 2.042269725e-21 8.372088555e-11 1.043061877e-10
   1e+05    1e+08 2.148318059e-21 1.522273834e-10   1.8638715e-10
   1e+05 1.58e+08 2.051009333e-21 2.529790623e-10 3.040522956e-10
   1e+05 2.51e+08 1.814117248e-21 3.920129408e-10 4.624067047e-10
   1e+05 3.98e+08 1.513818485e-21 5.764856259e-10 6.677388312e-10
   1e+05 6.31e+08 1.211566861e-21 8.174900218e-10 9.307678412e-10
   1e+05    1e+09 9.433597664e-22 1.133346759e-09 1.270091528e-09
   1e+05 1.58e+09 7.224742384e-22 1.552339066e-09 1.714767187e-09
   1e+05 2.51e+09 5.481184416e-22 2.114724421e-09 2.306031944e-09
   1e+05 3.98e+09 4.135214665e-22 2.875064107e-09  3.09942251e-09
   1e+05 6.31e+09 3.107857228e-22 3.906302525e-09 4.168813034e-09
   1e+05    1e+10 2.328705636e-22 5.306435188e-09 5.613149083e-09
   1e+06   0.0001 5.969211043e-34 1.035886463e-34 5.857795453e-33
   1e+06 0.000158 1.255438374e-33 4.143547186e-34 1.574240618e-32
   1e+06 0.000251 4.752763521e-34 2.071774651e-34 5.597766537e-33
   1e+06 0.000398 9.995953989e-34 1.346654613e-33 1.153343004e-32
   1e+06 0.000631 1.639821145e-33 6.215336958e-34 1.526621039e-32
   1e+06    0.001 3.183547658e-34 7.251241195e-34 4.775400425e-34
   1e+06  0.00158   1.2052019e-33 3.107684812e-34 4.667256486e-33
   1e+06  0.00251 8.871604291e-34 2.071800456e-34 9.196445367e-33
   1e+06  0.00398 3.198579022e-34 3.107725839e-34 3.168587331e-33
   1e+06  0.00631 2.219926676e-33  9.32329712e-34 1.129935816e-32
   1e+06     0.01 6.366464097e-34 8.287543716e-34 8.158380542e-33
   1e+06   0.0158 1.285346719e-33 2.071952693e-34 1.056522897e-32
   1e+06   0.0251  6.08187118e-34 9.324263282e-34 2.749280118e-33
   1e+06   0.0398  2.17417562e-33 1.243335729e-33 6.833616158e-33
   1e+06   0.0631  3.22696579e-34 8.289968093e-34 1.569846668e-34
   1e+06      0.1 1.322913178e-33 4.145826644e-34 3.732818162e-33
   1e+06    0.158  1.28333083e-34 1.036790545e-34 2.959012658e-34
   1e+06    0.251 4.853416591e-34 2.074639565e-34 1.564038229e-34
   1e+06    0.398 8.152980612e-34 3.114476214e-34 3.473175768e-33
   1e+06    0.631 1.026218747e-33 3.118466458e-34 1.279494893e-33
   1e+06        1 1.128577394e-33 7.291185465e-34 1.719367934e-33
   1e+06     1.58 1.111923984e-33 1.253931954e-33 1.615411398e-33
   1e+06     2.51 1.262977048e-34 5.251259957e-34  5.93831823e-34
   1e+06     3.98 6.276951561e-34 1.164550379e-33 3.162400559e-34
   1e+06     6.31 1.063308096e-33  9.64875162e-34 1.015112049e-33
   1e+06       10 8.231506028e-34 1.093421228e-34  1.53833387e-33
   1e+06     15.8 9.832667772e-34 2.480437183e-33 6.704209498e-34
   1e+06     25.1               0 8.273765042e-34 1.392429512e-34
   1e+06     39.8 1.107388569e-33 8.886198859e-34 2.014791543e-33
   1e+06     63.1 5.010460562e-34 1.410177875e-33 2.086777818e-34
   1e+06      100 4.182319187e-34  4.58020647e-33 1.151093912e-33
   1e+06      158 5.257728546e-34 5.976831359e-34 3.704018169e-34
   1e+06      251 1.026896425e-33 1.078731275e-32 4.675858538e-33
   1e+06      398 7.859758003e-34 7.177359974e-33 8.775992756e-34
   1e+06      631 1.113628027e-33 5.437090688e-32 3.702905171e-32
   1e+06    1e+03 1.740303283e-34 9.480896098e-33 2.886046873e-32
   1e+06 1.58e+03 1.462701385e-33 3.358328687e-33 1.287317665e-31
   1e+06 2.51e+03 4.543935636e-34 1.218476895e-31 1.568755306e-32
   1e+06 3.98e+03 9.872368657e-34 4.125703705e-31 1.336659402e-31
   1e+06 6.31e+03 6.564985728e-34  4.45175201e-31 1.178949012e-31
   1e+06    1e+04               0 8.773307888e-31 2.483338536e-31
   1e+06 1.58e+04 5.698182136e-34 3.094722951e-31 1.538500277e-31
   1e+06 2.51e+04 4.253550112e-34 5.511977823e-31 1.907987432e-30
   1e+06 3.98e+04 1.888363859e-33 7.596792514e-31 7.836176643e-30
   1e+06 6.31e+04 3.723881464e-34  6.14713668e-30 2.104120671e-29
   1e+06    1e+05 5.247575848e-34 4.682786908e-29 2.582305671e-29
   1e+06 1.58e+05 3.298965271e-34 5.176075026e-29 1.051877058e-28
   1e+06 2.51e+05 2.031795686e-33  9.98321963e-29 1.737686133e-29
   1e+06 3.98e+05 1.340752102e-33   7.1382477e-29 5.286374236e-29
   1e+06 6.31e+05 7.151008262e-34 1.799774207e-28 1.021534885e-28
   1e+06    1e+06 1.246224957e-33 2.978944109e-27 3.439050596e-27
   1e+06 1.58e+06 5.414129376e-34  4.47191795e-27 5.044247614e-27
   1e+06 2.51e+06 5.347923253e-34 6.217324194e-27 7.908693439e-27
   1e+06 3.98e+06 1.335204204e-33 1.812578524e-26 1.692248575e-26
   1e+06 6.31e+06  2.29202825e-33 7.415859837e-26 8.949935614e-26
   1e+06    1e+07 2.201710607e-33 1.329162079e-25  1.57394876e-25
   1e+06 1.58e+07 1.560380488e-33 1.282599185e-26  1.02258041e-26
   1e+06 2.51e+07 4.426404263e-34 2.089413504e-25 2.510155723e-25
   1e+06 3.98e+07 5.408960254e-31 4.939450662e-23 6.750568436e-23
   1e+06 6.31e+07 7.034994142e-29 1.012102776e-20 1.360909863e-20
   1e+06    1e+08 3.091704665e-27 7.064949079e-19 9.307055176e-19
   1e+06 1.58e+08 5.921306279e-26 2.166078789e-17 2.788209804e-17
   1e+06 2.51e+08 5.957782544e-25 3.516775167e-16 4.417669151e-16
   1e+06 3.98e+08 3.622397198e-24 3.477892903e-15 4.262927732e-15
   1e+06 6.31e+08 1.479428278e-23 2.328757105e-14  2.78728965e-14
   1e+06    1e+09 4.399648076e-23 1.144438118e-13 1.339381771e-13
   1e+06 1.58e+09 1.013779621e-22 4.392047448e-13 5.034885785e-13
   1e+06 2.51e+09 1.899443137e-22 1.381205331e-12 1.553952611e-12
   1e+06 3.98e+09 3.005248351e-22 3.695856938e-12 4.089101354e-12
   1e+06 6.31e+09 4.136667362e-22 8.667552202e-12 9.449411533e-12
   1e+06    1e+10 5.072118814e-22 1.823673569e-11 1.962770526e-11
   1e+07   0.0001 9.550747859e-34               0 1.935618334e-32
   1e+07 0.000158 6.026114385e-34 2.063965523e-34 1.210953297e-33
   1e+07 0.000251 1.013925602e-33 3.095948334e-34 1.151539001e-32
   1e+07 0.000398 2.399039148e-33 2.063965609e-34  1.63495529e-32
   1e+07 0.000631 7.063892489e-34 2.063965692e-34 6.226985895e-33
   1e+07    0.001 5.093730601e-34 6.191897474e-34 3.342762452e-33
   1e+07  0.00158 6.427852163e-34 2.063966034e-34 1.009127999e-33
   1e+07  0.00251 1.318102249e-33 7.223882284e-34 1.219512272e-32
   1e+07  0.00398 1.279485955e-34 8.255867576e-34 3.168519991e-34
   1e+07  0.00631 1.614600817e-34 8.255870918e-34               0
   1e+07     0.01 2.037485879e-34  9.28786074e-34  1.09435848e-33
   1e+07   0.0158 7.713384429e-34 3.095956728e-34 2.207473012e-33
   1e+07   0.0251               0 4.127948955e-34 1.249505224e-33
   1e+07   0.0398 4.094304168e-34 6.191939244e-34 2.178371159e-33
   1e+07   0.0631 5.166620838e-34 2.063988102e-34  5.33568135e-33
   1e+07      0.1 3.259875633e-34               0 1.741052289e-33
   1e+07    0.158 2.056800743e-33 5.160055812e-34 1.212169471e-32
   1e+07    0.251 3.893135422e-34 6.192166745e-34  4.68583006e-34
   1e+07    0.398 1.637518144e-34  2.06410829e-33 6.188942665e-33
   1e+07    0.631 4.132482659e-34 3.096287743e-34 2.452303246e-33
   1e+07        1 5.214173244e-34 1.032162115e-34 3.109511872e-33
   1e+07     1.58 1.809089602e-33 5.161335194e-34 1.035037256e-32
   1e+07     2.51 7.261492575e-34 6.194600028e-34 5.273645489e-33
   1e+07     3.98 1.308388799e-33 2.065393841e-34 4.799439692e-33
   1e+07     6.31 6.598979318e-34 2.066229421e-34  3.92758666e-33
   1e+07       10               0 4.135107853e-34 8.759284913e-34
   1e+07     15.8 3.927693454e-34 4.139307261e-34  7.72040705e-34
   1e+07     25.1 1.152815519e-33 3.109474048e-34 3.309078606e-33
   1e+07     39.8               0 6.234786208e-34 3.894807969e-34
   1e+07     63.1 2.588840044e-34 4.173274348e-34 1.394530532e-33
   1e+07      100 3.226719138e-34 4.199860699e-34 7.414554076e-34
   1e+07      158 9.985677428e-35 1.060523383e-34 1.187032296e-33
   1e+07      251               0 1.185047281e-33 4.778329598e-34
   1e+07      398 1.476198563e-34 1.104070161e-34               0
   1e+07      631 6.973962534e-34 5.733991819e-34 8.521880501e-34
   1e+07    1e+03  4.00234863e-34 1.093706521e-33 1.073905566e-33
   1e+07 1.58e+03 4.434878695e-34 2.120124835e-33 4.642995489e-34
   1e+07 2.51e+03 2.362545862e-34 4.503838002e-34 5.564218686e-34
   1e+07 3.98e+03 8.476467909e-34 3.919093511e-33 3.537566168e-33
   1e+07 6.31e+03 2.402117531e-34 1.019502238e-32 1.282002923e-32
   1e+07    1e+04 9.301439244e-34 7.161841544e-33  8.65238661e-33
   1e+07 1.58e+04 1.108181302e-34 3.276724101e-32 2.789520913e-32
   1e+07 2.51e+04 5.235664543e-34 1.745366094e-32   3.0765509e-32
   1e+07 3.98e+04 1.084066949e-33 1.863521293e-33 2.127317488e-32
   1e+07 6.31e+04 3.706677058e-34 1.893894793e-32 3.348351457e-32
   1e+07    1e+05 1.744749366e-34 1.668816147e-31  4.59433686e-32
   1e+07 1.58e+05 3.294344653e-34 9.691559432e-31 1.211447878e-30
   1e+07 2.51e+05  1.09319436e-33 3.983787583e-31 1.343392313e-31
   1e+07 3.98e+05 2.978157126e-34   2.3025177e-31 4.389962022e-31
   1e+07 6.31e+05 4.289555564e-34  3.97224259e-30 3.030362218e-30
   1e+07    1e+06 1.384500949e-34 1.574816802e-30 7.526443354e-31
   1e+07 1.58e+06 6.767113151e-34 3.005354033e-30 8.650920233e-30
   1e+07 2.51e+06 5.347667012e-34 5.398294306e-30 1.243634634e-30
   1e+07 3.98e+06 1.335165575e-34 1.426948052e-29 1.685818969e-30
   1e+07 6.31e+06 1.617873369e-33 4.061021392e-31 2.726988431e-29
   1e+07    1e+07 2.752107116e-33 1.335512578e-29 8.857573687e-29
   1e+07 1.58e+07 5.674069252e-34 5.054155265e-30 5.981560294e-29
   1e+07 2.51e+07 2.950921832e-34 1.363170695e-28 6.048889405e-29
   1e+07 3.98e+07 9.280427469e-34  5.27815636e-28 6.580416922e-28
   1e+07 6.31e+07 1.469027794e-33  1.99773717e-27 2.352783993e-27
   1e+07    1e+08 1.212396104e-33 3.946604873e-28  8.46650543e-28
   1e+07 1.58e+08 1.661451118e-33 2.911927825e-27 3.318499193e-27
   1e+07 2.51e+08 1.678459971e-33 1.309908826e-27 1.159946752e-27
   1e+07 3.98e+08 1.164984629e-33 7.594485545e-27 8.387870364e-27
   1e+07 6.31e+08 6.831112266e-34 1.188423076e-26 1.382860793e-26
   1e+07    1e+09  2.08415835e-33 4.052821067e-26 4.309446785e-26
   1e+07 1.58e+09 2.643684908e-34 7.397258026e-26 8.314443775e-26
   1e+07 2.51e+09 1.426589982e-33 6.498406384e-26 6.496541579e-26
   1e+07 3.98e+09 5.238599626e-33 6.255600796e-26 7.220929439e-26
   1e+07 6.31e+09 3.329979999e-34 4.057020133e-25 4.230604611e-25
   1e+07    1e+10 1.619971754e-33 3.978832091e-25 4.266765089e-25
   1e+08   0.0001 1.146089782e-33               0 1.222495769e-32
   1e+08 0.000158 1.928356706e-33 4.977023798e-34 2.997109329e-32
   1e+08 0.000251 1.013925688e-34 2.189890472e-33 3.838463172e-33
   1e+08 0.000398 1.151538945e-33 3.483916663e-33 2.332029093e-32
   1e+08 0.000631  3.22920868e-34  9.95404762e-35 2.008704913e-34
   1e+08    0.001 2.546866157e-33 7.963238112e-34 2.626455767e-32
   1e+08  0.00158 1.285571118e-34 1.592647627e-33 6.433189269e-33
   1e+08  0.00251               0 1.990809544e-34 1.599359676e-33
   1e+08  0.00398 1.842462243e-33  3.98161912e-34 2.154592141e-32
   1e+08  0.00631 9.041783765e-34  7.96323834e-34 1.380984673e-33
   1e+08     0.01 3.911986047e-33 2.090350106e-33 3.671069047e-32
   1e+08   0.0158 7.199197181e-34 2.687593078e-33 9.775925671e-33
   1e+08   0.0251 3.893473622e-34 9.954048933e-35 6.247499545e-33
   1e+08   0.0398 1.310194879e-33  4.97702486e-34 9.010474505e-33
   1e+08   0.0631 2.066692198e-33 7.963240775e-34 2.228407812e-32
   1e+08      0.1 1.173594703e-33 9.954052946e-35 1.094357192e-32
   1e+08    0.158 1.645528316e-33 2.986216824e-34 1.261410798e-32
   1e+08    0.251 3.114771493e-34 9.954061049e-35 4.529443055e-33
   1e+08    0.398 5.240759769e-34 3.981627569e-34 1.732787127e-33
   1e+08    0.631 1.653343885e-34 1.891275467e-33 5.884898992e-34
   1e+08        1 2.086370837e-34 4.977050591e-34 5.129825873e-33
   1e+08     1.58 9.214820344e-34 9.954132531e-35 6.036097247e-33
   1e+08     2.51 1.328937576e-33 1.094960044e-33 9.859476128e-33
   1e+08     3.98 5.240562311e-34               0  3.55847541e-33
   1e+08     6.31               0  6.96807003e-34 4.781636479e-33
   1e+08       10 6.675754865e-34 9.954583552e-34 4.663719283e-33
   1e+08     15.8               0 1.990979407e-34  6.15978783e-34
   1e+08     25.1 7.971730395e-34 3.982157551e-34 1.342429808e-33
   1e+08     39.8               0 3.982472529e-34 6.770232929e-34
   1e+08     63.1 9.517009793e-34 2.987228807e-34 1.992998757e-33
   1e+08      100 2.667777706e-34 1.095534813e-33 2.794818396e-33
   1e+08      158 3.364441462e-34 9.962542473e-35 6.742791059e-34
   1e+08      251   1.0603782e-34  9.96751148e-35 1.527470457e-34
   1e+08      398 2.672100234e-34 3.990154975e-34 1.938335567e-33
   1e+08      631 1.009131941e-33 7.990297213e-34 9.612996946e-34
   1e+08    1e+03 1.374273402e-33               0 3.664272229e-33
   1e+08 1.58e+03 5.303893717e-34               0 1.820912244e-33
   1e+08 2.51e+03 8.287363234e-34 2.017756593e-34 9.670744828e-34
   1e+08 3.98e+03 1.030437462e-33 3.050305152e-34 2.009168142e-33
   1e+08 6.31e+03 1.270916934e-34 4.117146501e-34 1.240851419e-34
   1e+08    1e+04 4.646338901e-34 1.049156948e-34 1.204330905e-33
   1e+08 1.58e+04  1.85500852e-34 4.322852324e-34 1.641834018e-34
   1e+08 2.51e+04 5.424305673e-34 1.696260215e-33 5.463163986e-34
   1e+08 3.98e+04 9.848195977e-34 1.210402269e-34  2.56128162e-33
   1e+08 6.31e+04 8.090571959e-34 2.137921231e-33 2.360194016e-33
   1e+08    1e+05 7.120668827e-34 3.679165408e-33 5.094714626e-33
   1e+08 1.58e+05 8.735560757e-34 1.466955211e-33 2.181268363e-33
   1e+08 2.51e+05  1.45257727e-34 3.867303861e-33 5.481603405e-34
   1e+08 3.98e+05 1.428202538e-34 1.357384013e-32 1.362476043e-32
   1e+08 6.31e+05 6.980125265e-34 2.402545469e-32 2.038904648e-32
   1e+08    1e+06               0 2.855739954e-32 3.474882848e-32
   1e+08 1.58e+06 8.055437517e-34 1.944628824e-33 4.633061677e-32
   1e+08 2.51e+06 1.463608191e-33 1.321926012e-31 1.199154841e-31
   1e+08 3.98e+06   1.3313181e-34 9.328434415e-34 1.087685508e-31
   1e+08 6.31e+06 1.211241041e-33 3.261512314e-31 9.970623276e-33
   1e+08    1e+07 1.099599084e-33 5.022293375e-32 4.118778574e-31
   1e+08 1.58e+07 2.834956024e-34 4.270643128e-32 3.588929093e-31
   1e+08 2.51e+07 1.327269822e-33 7.381455541e-32 2.079031159e-31
   1e+08 3.98e+07 2.628590658e-33 1.475426816e-30  2.40201951e-30
   1e+08 6.31e+07 2.447826174e-33 2.370684724e-31 2.446732384e-31
   1e+08    1e+08 6.926884194e-34 2.184114556e-30 2.607829476e-30
   1e+08 1.58e+08 7.383403609e-34 2.703763898e-30 6.802106109e-31
   1e+08 2.51e+08 1.974501684e-34 4.262847138e-30 2.466444698e-30
   1e+08 3.98e+08 6.354098274e-34 2.500199347e-31 1.103918114e-29
   1e+08 6.31e+08 2.163096145e-33 4.505187177e-30 2.371811977e-30
   1e+08    1e+09 3.677816137e-34  2.67598155e-30 3.177038392e-29
   1e+08 1.58e+09 7.930881361e-34 3.838036607e-29 3.012643335e-29
   1e+08 2.51e+09 8.559403252e-34 1.298675294e-28 1.071945908e-28
   1e+08 3.98e+09   6.1629864e-34 3.706048104e-29 4.496435991e-29
   1e+08 6.31e+09 4.994927253e-34 2.147585933e-28 1.793778695e-28
   1e+08    1e+10 2.159948781e-33 4.194190338e-28 4.831983845e-28
   1e+09   0.0001 3.789986575e-34               0 1.089585209e-34
   1e+09 0.000158 2.463491274e-33 1.197943305e-34 2.736914303e-34
   1e+09 0.000251  1.51599463e-33               0 1.718704475e-34
   1e+09 0.000398 3.221488589e-33               0 1.079297613e-34
   1e+09 0.000631 1.136995973e-33 1.192274549e-34 2.711073029e-34
   1e+09    0.001 2.084492616e-33 1.889627816e-34 1.702476889e-34
   1e+09  0.00158 1.894993288e-34 1.497429131e-34 4.276428598e-34
   1e+09  0.00251 6.442977178e-33 1.186632618e-34 4.028213614e-34
   1e+09  0.00398 5.684979863e-33               0               0
   1e+09  0.00631 3.789986575e-34 1.490343186e-34               0
   1e+09     0.01 3.789986575e-34               0 2.660120139e-34
   1e+09   0.0158 9.474966438e-34 1.871786414e-34 1.670479921e-34
   1e+09   0.0251 1.136995973e-33               0 4.196055848e-34
   1e+09   0.0398 1.894993288e-34 1.175428724e-34 5.270007875e-34
   1e+09   0.0631 6.442977177e-33               0  1.65470766e-34
   1e+09      0.1 3.031989259e-33               0               0
   1e+09    0.158 3.789986572e-34  1.16986651e-34 2.610124878e-34
   1e+09    0.251 3.221488581e-33               0 3.278168637e-34
   1e+09    0.398 2.842489914e-33 2.938571826e-34 3.087895254e-34
   1e+09    0.631  2.27399191e-33 1.164330631e-34 1.292740374e-34
   1e+09        1 1.705493893e-33               0 1.623608531e-34
   1e+09     1.58 1.515994484e-33 1.462333268e-34 2.039160211e-34
   1e+09     2.51 4.926981352e-33 1.158821179e-34  1.28053486e-34
   1e+09     3.98 1.515993706e-33 1.836608427e-34 8.041397622e-34
   1e+09     6.31 2.652986541e-33 1.455415349e-34 3.029863784e-34
   1e+09       10 2.652980399e-33 3.460024301e-34 3.805343641e-34
   1e+09     15.8 2.652964972e-33 1.827932916e-34               0
   1e+09     25.1 3.789894605e-33 1.448558982e-34  3.00130904e-34
   1e+09     39.8 1.326414449e-33 1.147944975e-34 2.513053398e-34
   1e+09     63.1 3.599936075e-33               0 3.156476057e-34
   1e+09      100 2.651970813e-33               0  2.97379514e-34
   1e+09      158               0 1.143478218e-34 1.245528638e-34
   1e+09      251 3.780822528e-33 1.814756427e-34 1.566064258e-34
   1e+09      398 1.130127822e-33 1.442990451e-34 9.861935904e-35
   1e+09      631 1.866626692e-33 1.153158675e-34               0
   1e+09    1e+03 1.278239866e-33               0 1.592712514e-34
   1e+09 1.58e+03  1.21433716e-33               0 2.077999947e-34
   1e+09 2.51e+03 6.219065192e-34 2.715382846e-34 1.409590432e-34
   1e+09 3.98e+03 6.358872923e-34               0               0
   1e+09 6.31e+03 1.879124619e-34 2.606332061e-34   5.7459368e-34
   1e+09    1e+04 1.026863154e-33 1.329756218e-34 1.895422936e-33
   1e+09 1.58e+04 1.006011381e-33 2.477045258e-34 2.239049933e-33
   1e+09 2.51e+04 1.393172769e-33 2.907608714e-34 3.179823848e-33
   1e+09 3.98e+04 1.356154113e-33  1.25921881e-34 2.675994852e-33
   1e+09 6.31e+04               0 4.302045151e-34 8.856390552e-34
   1e+09    1e+05 1.069240059e-33 3.047716212e-34 1.675810877e-33
   1e+09 1.58e+05 7.998093447e-34 3.145223992e-34 1.931029585e-33
   1e+09 2.51e+05               0 6.434558388e-34  9.36789255e-34
   1e+09 3.98e+05 5.058129348e-34 3.296303019e-34 5.088860698e-34
   1e+09 6.31e+05 3.669773137e-34 1.702420592e-34 3.150094313e-34
   1e+09    1e+06 4.358011659e-34 7.128914312e-34 8.826747834e-34
   1e+09 1.58e+06 1.012626271e-33 5.699935372e-34 4.559612955e-34
   1e+09 2.51e+06 9.572554005e-34 1.242106605e-33 2.019054061e-33
   1e+09 3.98e+06 1.167532067e-33 1.038821135e-33 4.911338166e-34
   1e+09 6.31e+06 8.085124908e-34  1.84073419e-33 4.024647914e-33
   1e+09    1e+07 1.364844826e-33 4.719721814e-33 1.975416662e-33
   1e+09 1.58e+07               0 2.493369336e-33  1.12088986e-32
   1e+09 2.51e+07 7.038520628e-34 7.639275309e-33 1.836441814e-33
   1e+09 3.98e+07 7.488438204e-34 1.354060097e-33 4.804693884e-33
   1e+09 6.31e+07 9.576836397e-34 2.097886908e-32 8.430124436e-33
   1e+09    1e+08               0 1.868026461e-33 1.902654802e-32
   1e+09 1.58e+08 1.095352128e-33 1.622276007e-32 3.591254667e-32
   1e+09 2.51e+08 4.897424387e-34 1.130222006e-32 5.595223772e-32
   1e+09 3.98e+08 4.317343089e-33 5.996171506e-33 8.965127048e-32
   1e+09 6.31e+08 9.070353526e-34 1.696154328e-31 2.087656814e-31
   1e+09    1e+09 3.666827788e-34 3.865428059e-31 1.641812223e-31
   1e+09 1.58e+09 1.582720028e-33 2.525642811e-31 2.340301464e-31
   1e+09 2.51e+09 2.278872325e-33 3.838433346e-31 1.345013687e-31
   1e+09 3.98e+09  3.07790017e-34 3.141924435e-31 7.304202649e-32
   1e+09 6.31e+09 1.663552674e-33 7.625304001e-31  5.50126242e-31
   1e+09    1e+10 5.396485648e-34 4.425864932e-33 4.500875812e-31
   1e+10   0.0001 5.438699241e-34               0 1.369828816e-34
   1e+10 0.000158               0               0 1.720427208e-34
   1e+10 0.000251 1.812899747e-34 1.365845434e-34               0
   1e+10 0.000398 7.251598987e-34               0 1.356895228e-34
   1e+10 0.000631 1.087739848e-33 1.715424307e-34 1.704183356e-34
   1e+10    0.001               0               0 2.140357524e-34
   1e+10  0.00158 3.625799494e-34  1.07723776e-34 1.344083756e-34
   1e+10  0.00251 3.625799494e-34               0               0
   1e+10  0.00398 7.251598987e-34               0 2.120148794e-34
   1e+10  0.00631 9.064498734e-34 2.144280383e-34               0
   1e+10     0.01 3.625799494e-34               0               0
   1e+10   0.0158               0   1.3465472e-34               0
   1e+10   0.0251               0 1.067066745e-34               0
   1e+10   0.0398 7.251598987e-34 1.691186821e-34  3.31273249e-34
   1e+10   0.0631 1.087739848e-33               0 3.120452923e-34
   1e+10      0.1 5.438699241e-34 1.062017307e-34 2.612741119e-34
   1e+10    0.158               0               0               0
   1e+10    0.251               0 1.333833432e-34 1.030330124e-34
   1e+10    0.398 7.251598987e-34 1.056991763e-34 2.588072258e-34
   1e+10    0.631 3.625799494e-34  1.67521905e-34 1.625235897e-34
   1e+10        1 3.625799494e-34               0    1.020602e-34
   1e+10     1.58 1.812899747e-34     1.05199e-34               0
   1e+10     2.51 3.625799494e-34  1.66729179e-34 1.609890818e-34
   1e+10     3.98 7.251598987e-34 1.321239704e-34 2.021931452e-34
   1e+10     6.31 3.625799494e-34               0               0
   1e+10       10 1.087739848e-33 3.318804084e-34 3.189381249e-34
   1e+10     15.8 7.251598987e-34               0 2.002840871e-34
   1e+10     25.1               0 1.042057369e-34 1.257727202e-34
   1e+10     39.8 1.812899747e-34  1.65154963e-34               0
   1e+10     63.1 7.251598987e-34               0 9.919652693e-35
   1e+10      100 3.625799494e-34               0  1.24585205e-34
   1e+10      158 3.625799494e-34  3.28746875e-34  1.56471943e-34
   1e+10      251 1.812899747e-34 1.302571711e-34  2.94779813e-34
   1e+10      398 7.251598987e-34 1.032218519e-34 1.234089021e-34
   1e+10      631  5.43869924e-34               0 1.549945733e-34
   1e+10    1e+03 3.625799493e-34 1.296407846e-34 9.733219142e-35
   1e+10 1.58e+03 3.625799493e-34               0 1.222437055e-34
   1e+10 2.51e+03 3.625799492e-34 3.256429277e-34               0
   1e+10 3.98e+03 1.812899745e-34 1.290273149e-34 9.641320479e-35
   1e+10 6.31e+03 1.087739846e-33               0 2.421790211e-34
   1e+10    1e+04 1.812899736e-34 1.620509812e-34               0
   1e+10 1.58e+04               0  1.28416749e-34 1.910057912e-34
   1e+10 2.51e+04 3.625799361e-34 1.017634169e-34 1.199462152e-34
   1e+10 3.98e+04 3.625799161e-34               0 1.506456394e-34
   1e+10 6.31e+04 1.087739598e-33 1.278090861e-34 3.784047644e-34
   1e+10    1e+05 1.631608828e-33  1.01281894e-34 3.564412356e-34
   1e+10 1.58e+05 3.625794226e-34               0 1.492233836e-34
   1e+10 2.51e+05 1.812893131e-34               0               0
   1e+10 3.98e+05 1.812883129e-34               0               0
   1e+10 6.31e+05 3.625716011e-34               0 1.478160757e-34
   1e+10    1e+06 3.625589805e-34               0  1.85651886e-34
   1e+10 1.58e+06 7.250545683e-34               0               0
   1e+10 2.51e+06 7.248953997e-34               0               0
   1e+10 3.98e+06               0 1.260643889e-34 3.679586059e-34
   1e+10 6.31e+06 3.617477041e-34               0  1.15614978e-34
   1e+10    1e+07  3.60499262e-34               0               0
   1e+10 1.58e+07               0 1.263599702e-34 3.669720176e-34
   1e+10 2.51e+07 5.249580519e-34               0  1.16443826e-34
   1e+10 3.98e+07 8.324942855e-34               0 2.996750511e-34
   1e+10 6.31e+07 1.493338399e-34               0 1.977853678e-34
   1e+10    1e+08 4.855174408e-34 1.185723691e-34 2.691164209e-34
   1e+10 1.58e+08               0 1.025633269e-34 3.658159927e-34
   1e+10 2.51e+08 5.722485008e-34 4.953595128e-34 8.086749556e-34
   1e+10 3.98e+08 1.403945487e-34 7.020518237e-34 1.288284063e-33
   1e+10 6.31e+08 8.308713351e-34 2.956108349e-34 1.672424401e-33
   1e+10    1e+09 1.924853818e-34 8.724442213e-34  2.28842422e-33
   1e+10 1.58e+09 8.786198637e-34  3.40193904e-33 1.535517932e-33
   1e+10 2.51e+09 1.239017328e-34 3.072822921e-33 2.773969618e-33
   1e+10 3.98e+09 3.601083037e-33 4.144622105e-33 5.370632507e-33
   1e+10 6.31e+09 3.073735107e-34 4.881407236e-33   2.7584082e-33
   1e+10    1e+10 1.525818734e-33 1.255243234e-32 5.314214127e-33
   1e+11   0.0001 1.384022662e-33               0 4.053211917e-34
   1e+11 0.000158 1.660827194e-33               0  5.09060401e-34
   1e+11 0.000251 1.660827194e-33               0 5.327924642e-34
   1e+11 0.000398  8.30413597e-34               0 1.338314162e-34
   1e+11 0.000631 2.214436259e-33               0 3.361693183e-34
   1e+11    0.001 5.536090647e-34 1.374030506e-34 2.111047874e-34
   1e+11  0.00158  8.30413597e-34               0 2.651356255e-34
   1e+11  0.00251 1.384022662e-34               0               0
   1e+11  0.00398 1.245620396e-33               0 3.136673816e-34
   1e+11  0.00631  8.30413597e-34               0   1.3131614e-34
   1e+11     0.01 6.920113309e-34 1.717538132e-34 1.649256151e-34
   1e+11   0.0158 1.660827194e-33 1.361057247e-34 4.142744148e-34
   1e+11   0.0251  8.30413597e-34 1.078565183e-34 1.300762852e-34
   1e+11   0.0398 1.384022662e-33 1.709410615e-34 3.267368558e-34
   1e+11   0.0631  1.79922946e-33               0 5.129536718e-34
   1e+11      0.1 2.768045323e-34 1.073461333e-34 1.288481368e-34
   1e+11    0.158 1.107218129e-33               0 3.236518866e-34
   1e+11    0.251 5.536090647e-34               0 2.032441956e-34
   1e+11    0.398 1.660827194e-33 2.136763269e-34 5.105263373e-34
   1e+11    0.631 1.660827194e-33  1.69327078e-34 3.205960449e-34
   1e+11        1 1.384022662e-33               0 3.019878207e-34
   1e+11     1.58  8.30413597e-34 1.063325974e-34 2.528530364e-34
   1e+11     2.51  8.30413597e-34               0 3.175690557e-34
   1e+11     3.98 2.768045323e-34 1.335477043e-34 9.971217525e-35
   1e+11     6.31               0               0   1.2523283e-34
   1e+11       10 1.245620396e-33               0 3.145706465e-34
   1e+11     15.8 1.660827194e-33 1.329157468e-34 4.938535867e-34
   1e+11     25.1 2.768045323e-34               0 3.721512371e-34
   1e+11     39.8 1.107218129e-33 3.338692608e-34 3.116005476e-34
   1e+11     63.1  8.30413597e-34 1.322867797e-34 1.956762969e-34
   1e+11      100 1.107218129e-33               0 3.686374764e-34
   1e+11      158 9.688158632e-34 1.661446835e-34 4.629877376e-34
   1e+11      251 6.920113309e-34               0 1.938287693e-34
   1e+11      398 1.107218129e-33  2.08668288e-34 4.868758557e-34
   1e+11      631 1.245620396e-33               0 4.586163209e-34
   1e+11    1e+03 6.920113309e-34               0 1.919986856e-34
   1e+11 1.58e+03 2.768045323e-34 1.038404272e-34 2.411394466e-34
   1e+11 2.51e+03 9.688158632e-34 1.645759861e-34 4.542861781e-34
   1e+11 3.98e+03  1.79922946e-33   1.3041768e-34 3.803717623e-34
   1e+11 6.31e+03  8.30413597e-34 1.033490466e-34 1.194313336e-34
   1e+11    1e+04 2.214436259e-33 1.637972004e-34 4.499969194e-34
   1e+11 1.58e+04 9.688158632e-34 1.298005339e-34 5.651705781e-34
   1e+11 2.51e+04 5.536090647e-34               0 2.366073844e-34
   1e+11 3.98e+04 5.536090647e-34               0 2.971654393e-34
   1e+11 6.31e+04 1.937631726e-33 1.291863083e-34 5.598343761e-34
   1e+11    1e+05 1.384022662e-33               0 4.687467911e-34
   1e+11 1.58e+05 1.107218129e-33 1.622506674e-34 2.943596761e-34
   1e+11 2.51e+05 2.768045323e-34               0 1.848495191e-34
   1e+11 3.98e+05 1.107218129e-33               0 3.482407491e-34
   1e+11 6.31e+05 1.660827194e-33               0 4.373706063e-34
   1e+11    1e+06 1.937631726e-33 1.279665628e-34 5.493126458e-34
   1e+11 1.58e+06 5.536090646e-34 1.014066672e-34 2.299684969e-34
   1e+11 2.51e+06 8.304135968e-34 1.607187365e-34 1.444136868e-34
   1e+11 3.98e+06 8.304135964e-34 1.273610157e-34 1.813753902e-34
   1e+11 6.31e+06 5.536090636e-34 1.009268034e-34 1.138985955e-34
   1e+11    1e+07 8.304135928e-34 1.599582039e-34 1.430501685e-34
   1e+11 1.58e+07 2.076033966e-33 2.535166695e-34 5.389886682e-34
   1e+11 2.51e+07 1.107218094e-33 2.008984238e-34 3.384695839e-34
   1e+11 3.98e+07 2.768045099e-34               0 1.416995293e-34
   1e+11 6.31e+07  5.53608952e-34  1.26158517e-34               0
   1e+11    1e+08 1.660826345e-33               0 4.470318899e-34
   1e+11 1.58e+08  4.15206265e-34               0 1.403617216e-34
   1e+11 2.51e+08  2.76803639e-34               0 1.762865233e-34
   1e+11 3.98e+08 2.768022884e-34 9.950119703e-35 1.107032016e-34
   1e+11 6.31e+08 5.535977916e-34 1.576997368e-34 4.171133615e-34
   1e+11    1e+09 1.660742247e-33 1.249705444e-34 3.492525076e-34
   1e+11 1.58e+09               0 9.903631347e-35  2.19329139e-34
   1e+11 2.51e+09 1.106860942e-33               0 4.132375363e-34
   1e+11 3.98e+09  2.21264301e-33 2.488528015e-34 5.191293727e-34
   1e+11 6.31e+09 2.762424067e-34 9.866156169e-35  1.08732576e-34
   1e+11    1e+10 4.130975412e-34 1.566071062e-34 2.735412653e-34
