   1e+04   0.0001 7.301101276e-71 9.750860027e-71 1.857195641e-70
   1e+04 0.000158 9.667811581e-71 3.901600795e-71 2.184558688e-70
   1e+04 0.000251 4.062509627e-71 5.855389381e-71 2.259169581e-71
   1e+04 0.000398 3.655915427e-71 5.371782449e-71 7.166878239e-71
   1e+04 0.000631 4.141538121e-71 5.867636253e-71 3.317210527e-71
   1e+04    0.001 7.518739374e-71 5.389582715e-71 1.730945351e-70
   1e+04  0.00158 5.076653443e-71 2.949216839e-71 1.196598707e-70
   1e+04  0.00251 9.514364083e-71               0 2.906831086e-70
   1e+04  0.00398  6.19217543e-71               0 1.827150507e-70
   1e+04  0.00631 6.241596047e-71 4.538759558e-71  1.83281695e-70
   1e+04     0.01 5.061874146e-71 8.743903511e-71   1.5800821e-70
   1e+04   0.0158 4.030881166e-71               0 2.178796397e-70
   1e+04   0.0251 4.695452807e-71  1.11203444e-71 3.016784324e-70
   1e+04   0.0398 1.323943016e-71 5.971972879e-71 2.567698949e-70
   1e+04   0.0631 3.593831265e-71 1.326888898e-71 2.009318185e-70
   1e+04      0.1 1.499717776e-71 4.618108664e-71 5.403230878e-70
   1e+04    0.158               0 2.344057452e-70 4.725630819e-70
   1e+04    0.251 4.416839244e-71 9.559484633e-71 7.473940013e-70
   1e+04    0.398 3.520278865e-71 2.893099569e-69 8.685328138e-70
   1e+04    0.631 2.658957073e-70 1.701404917e-63 1.701434465e-63
   1e+04        1 3.739561968e-64  6.04141869e-57 6.041532185e-57
   1e+04     1.58 1.185435354e-58  1.26239607e-50 1.262422584e-50
   1e+04     2.51 1.650963236e-53 7.012233473e-46 7.012416162e-46
   1e+04     3.98  3.18302427e-52 7.314043256e-43 7.314336756e-43
   1e+04     6.31  1.00928828e-49 7.382005457e-42 7.382357583e-42
   1e+04       10 2.198263829e-49 1.220281622e-41 1.220351558e-41
   1e+04     15.8  2.64545796e-49 1.913051368e-41 1.913198488e-41
   1e+04     25.1 2.876324638e-49 3.199728638e-41 3.200075365e-41
   1e+04     39.8  3.04553978e-49 5.419357478e-41 5.420187802e-41
   1e+04     63.1 3.173655485e-49 9.271400071e-41 9.273403398e-41
   1e+04      100 3.269758462e-49  1.60454976e-40 1.605036631e-40
   1e+04      158 3.341159151e-49 2.809139978e-40 2.810330975e-40
   1e+04      251 3.393645924e-49 4.970204197e-40   4.9731336e-40
   1e+04      398 3.449696884e-49    8.871008e-40 8.878239639e-40
   1e+04      631 1.219368044e-44 2.458222591e-36 2.464005487e-36
   1e+04    1e+03 3.293215115e-38 9.450602975e-30 9.480115198e-30
   1e+04 1.58e+03 1.834133829e-33  7.41297094e-25 7.443863122e-25
   1e+04 2.51e+03 5.532248797e-30 3.140524652e-21 3.158009381e-21
   1e+04 3.98e+03 1.916229872e-27  1.53306594e-18 1.544446576e-18
   1e+04 6.31e+03 1.344842757e-25 1.528469984e-16 1.543535811e-16
   1e+04    1e+04 2.915438396e-24  4.76258607e-15  4.82455035e-15
   1e+04 1.58e+04 2.662794425e-23 6.346512297e-14 6.454712283e-14
   1e+04 2.51e+04 1.286100162e-22  4.55299499e-13 4.653862676e-13
   1e+04 3.98e+04 3.876264686e-22 2.080024618e-12 2.139365415e-12
   1e+04 6.31e+04 8.213597302e-22  6.82877737e-12 7.077314645e-12
   1e+04    1e+05 1.330768228e-21 1.753349645e-11 1.834000455e-11
   1e+04 1.58e+05 1.750451643e-21 3.736487347e-11 3.951683725e-11
   1e+04 2.51e+05 1.966429314e-21  6.94143642e-11 7.437177627e-11
   1e+04 3.98e+05 1.987883297e-21  1.18163357e-10 1.285165087e-10
   1e+04 6.31e+05 1.898399539e-21 1.929304018e-10 2.134067087e-10
   1e+04    1e+06 1.764528674e-21 3.103414933e-10 3.496192712e-10
   1e+04 1.58e+06 1.611583145e-21 4.950960466e-10 5.683930632e-10
   1e+04 2.51e+06 1.447213433e-21 7.818898886e-10 9.142162727e-10
   1e+04 3.98e+06  1.27698173e-21 1.219201354e-09 1.448961433e-09
   1e+04 6.31e+06 1.106978586e-21 1.874133616e-09 2.256344624e-09
   1e+04    1e+07 9.431540469e-22 2.838698102e-09 3.447003039e-09
   1e+04 1.58e+07 7.904998002e-22 4.238472811e-09 5.165542315e-09
   1e+04 2.51e+07 6.525499952e-22 6.244657697e-09 7.601274874e-09
   1e+04 3.98e+07 5.312529433e-22 9.090758742e-09 1.100444419e-08
   1e+04 6.31e+07 4.271324505e-22 1.309549576e-08 1.570965178e-08
   1e+04    1e+08 3.396081418e-22 1.869408172e-08 2.216834896e-08
   1e+04 1.58e+08 2.673575813e-22 2.648081332e-08 3.099290659e-08
   1e+04 2.51e+08  2.08643961e-22  3.72670038e-08 4.301596913e-08
   1e+04 3.98e+08 1.615739006e-22 5.215976734e-08 5.937046563e-08
   1e+04 6.31e+08 1.242785074e-22  7.26691646e-08 8.159779946e-08
   1e+04    1e+09 9.502643162e-23 1.008539278e-07 1.117945207e-07
   1e+04 1.58e+09 7.228372721e-23 1.395196607e-07 1.528114774e-07
   1e+04 2.51e+09 5.473585384e-23 1.924884037e-07 2.085244245e-07
   1e+04 3.98e+09 4.128503695e-23 2.649652462e-07 2.842018416e-07
   1e+04 6.31e+09 3.103322289e-23 3.640368962e-07 3.870049249e-07
   1e+04    1e+10 2.325794387e-23 4.993496697e-07 5.266672619e-07
   1e+05   0.0001 4.677691364e-71 5.359908936e-71 1.556817074e-70
   1e+05 0.000158 8.854090681e-71 5.359963568e-71 7.592042872e-71
   1e+05 0.000251 9.310621786e-71  5.84732744e-71 1.579301253e-70
   1e+05 0.000398 1.527319154e-70 7.796636194e-71 3.099061201e-70
   1e+05 0.000631 1.334208533e-70 2.923857207e-71 4.250665656e-70
   1e+05    0.001 1.169056167e-70 7.797453956e-71 2.769772444e-70
   1e+05  0.00158 1.179958891e-70 6.823467566e-71 3.263016899e-70
   1e+05  0.00251 1.190821504e-70 3.412284837e-71 2.539162779e-70
   1e+05  0.00398 7.979093081e-71 4.875940365e-71 9.690613955e-71
   1e+05  0.00631 8.285351858e-71 1.951167241e-71 1.359195453e-70
   1e+05     0.01 1.267958855e-70 3.904842491e-71 2.577305025e-70
   1e+05   0.0158 1.174128804e-70 2.443011524e-71 2.453347578e-70
   1e+05   0.0251 7.679942912e-71 6.362073969e-71 1.062154157e-70
   1e+05   0.0398  9.64260264e-71 1.471920002e-71 2.250266539e-70
   1e+05   0.0631 7.893149959e-71  1.97049051e-71 1.715821457e-70
   1e+05      0.1 9.258735099e-71               0 2.498788496e-70
   1e+05    0.158  7.87880536e-71 1.502310117e-71 2.523972675e-70
   1e+05    0.251 5.264274205e-71 1.526174117e-71 1.456825003e-70
   1e+05    0.398 8.467676901e-71 9.906670688e-71 1.868259304e-70
   1e+05    0.631 6.873251245e-71 3.791660473e-71 2.614656464e-70
   1e+05        1 7.168183635e-71 6.889786439e-71 2.583811572e-70
   1e+05     1.58 4.762045193e-71 4.384605657e-71 3.648520554e-70
   1e+05     2.51 1.689349859e-71 7.813666295e-71 4.014916472e-70
   1e+05     3.98 9.509859417e-71 2.195071957e-70  8.00423186e-70
   1e+05     6.31 4.278353664e-71 2.106256901e-71 9.719133967e-70
   1e+05       10 3.303889377e-71 3.552739112e-70 1.460604114e-69
   1e+05     15.8 7.842769454e-72 1.283605993e-66 1.280449926e-66
   1e+05     25.1  3.42018555e-66 3.029359036e-60 3.029661337e-60
   1e+05     39.8 7.802994903e-60 3.483515367e-54 3.483692773e-54
   1e+05     63.1 1.740023384e-54 3.002853544e-48  3.00380891e-48
   1e+05      100 7.309519526e-51 2.422367787e-44 2.423352831e-44
   1e+05      158 3.048142043e-49 3.593892581e-42 3.595461958e-42
   1e+05      251 1.717080354e-48 1.002470442e-41 1.002989248e-41
   1e+05      398 2.467931256e-48 1.502221555e-41 1.503203794e-41
   1e+05      631 2.763419494e-48 2.459929504e-41 2.462163605e-41
   1e+05    1e+03 2.955013043e-48  4.14215911e-41 4.147470957e-41
   1e+05 1.58e+03 3.097715261e-48 7.038408604e-41 7.051137201e-41
   1e+05 2.51e+03 3.202487802e-48 1.208502616e-40 1.211572024e-40
   1e+05 3.98e+03 3.276878119e-48 2.097868692e-40 2.105311013e-40
   1e+05 6.31e+03 3.326665548e-48 3.678815848e-40 3.696933603e-40
   1e+05    1e+04 3.355978413e-48 6.506170947e-40 6.550373551e-40
   1e+05 1.58e+04  5.44061559e-49  1.22096908e-39 1.233046325e-39
   1e+05 2.51e+04 1.883272258e-40  4.61423735e-33 4.734841549e-33
   1e+05 3.98e+04 6.319517015e-35 2.203224467e-27 2.278954908e-27
   1e+05 6.31e+04 7.299706219e-31 3.602659851e-23  3.76536128e-23
   1e+05    1e+05  6.81310742e-28 4.770520603e-20  5.05195577e-20
   1e+05 1.58e+05 9.879286885e-26 9.887919557e-18 1.064247592e-17
   1e+05 2.51e+05 3.629330317e-24 5.251900528e-16 5.763358658e-16
   1e+05 3.98e+05 4.847920875e-23 1.028940032e-14 1.154651793e-14
   1e+05 6.31e+05 3.069828098e-22 9.715342581e-14 1.117413774e-13
   1e+05    1e+06 1.118926106e-21 5.375151419e-13 6.343562803e-13
   1e+05 1.58e+06 2.704785722e-21 2.008597101e-12 2.431196218e-12
   1e+05 2.51e+06 4.805697708e-21 5.616125331e-12 6.955652672e-12
   1e+05 3.98e+06 6.757803928e-21 1.263818618e-11 1.594958196e-11
   1e+05 6.31e+06  7.93651196e-21 2.411736264e-11 3.083883535e-11
   1e+05    1e+07 8.117206865e-21 4.062817899e-11 5.229461535e-11
   1e+05 1.58e+07 7.497257188e-21 6.255330731e-11 8.050805265e-11
   1e+05 2.51e+07 6.461372985e-21  9.08235931e-11 1.161681955e-10
   1e+05 3.98e+07 5.337649964e-21 1.275980656e-10 1.613746585e-10
   1e+05 6.31e+07 4.303919278e-21 1.764661204e-10 2.198539729e-10
   1e+05    1e+08 3.420094996e-21 2.423723873e-10 2.967594048e-10
   1e+05 1.58e+08 2.689496398e-21 3.317569681e-10 3.987335684e-10
   1e+05 2.51e+08 2.096768154e-21  4.53110868e-10 5.344754156e-10
   1e+05 3.98e+08 1.622403764e-21 6.178511422e-10 7.156518572e-10
   1e+05 6.31e+08 1.247073039e-21 8.414567784e-10 9.580554525e-10
   1e+05    1e+09 9.530163117e-22 1.144953232e-09 1.283098317e-09
   1e+05 1.58e+09 7.245996528e-22 1.556908144e-09 1.719814323e-09
   1e+05 2.51e+09 5.484850027e-22 2.116139495e-09 2.307575025e-09
   1e+05 3.98e+09 4.135691564e-22   2.8753959e-09 3.099780193e-09
   1e+05 6.31e+09  3.10790199e-22 3.906358829e-09 4.168873122e-09
   1e+05    1e+10 2.328708512e-22 5.306441749e-09 5.613156023e-09
   1e+06   0.0001 4.210064316e-71 8.767286532e-71 1.496914231e-70
   1e+06 0.000158 2.361217146e-71  9.74143262e-72 1.423469964e-70
   1e+06 0.000251 7.449128894e-72 4.870718797e-72 2.105645741e-70
   1e+06 0.000398               0 1.461216822e-71 7.747132492e-71
   1e+06 0.000631 2.372431376e-71 4.870728989e-72 7.555934346e-71
   1e+06    0.001 2.245345373e-71 9.741477784e-72 5.987686637e-71
   1e+06  0.00158 5.666832101e-71 7.306131881e-71 1.542104589e-70
   1e+06  0.00251 4.767323761e-71 9.741558927e-72 2.444083556e-70
   1e+06  0.00398               0 1.948327556e-71 1.266383213e-70
   1e+06  0.00631 1.423369782e-71               0 3.541955118e-71
   1e+06     0.01 6.585693471e-71 9.741960821e-72 2.993991879e-70
   1e+06   0.0158 2.266376711e-71 9.742274742e-72 5.931637958e-71
   1e+06   0.0251 3.336295767e-71 1.948554456e-71 1.821539285e-70
   1e+06   0.0398 2.405394032e-71 9.743560838e-72  1.62985914e-70
   1e+06   0.0631 1.517312023e-71 2.436202665e-71               0
   1e+06      0.1 2.392426103e-71  2.92403748e-71 1.521140976e-70
   1e+06    0.158               0 1.462489714e-71 5.565284261e-71
   1e+06    0.251 1.521377009e-71 1.950981671e-71 2.206221723e-71
   1e+06    0.398 5.750269591e-71               0 1.691403662e-70
   1e+06    0.631 5.428414529e-71  4.88765294e-72 1.434621833e-70
   1e+06        1 2.274233744e-71  2.44878495e-71 7.349481068e-72
   1e+06     1.58               0 9.826599519e-72 1.752837206e-71
   1e+06     2.51 6.532338494e-71 5.432087244e-71 9.307279376e-71
   1e+06     3.98  1.47570422e-71 4.977899604e-71 5.204337589e-71
   1e+06     6.31 4.090623251e-71               0 9.546067829e-71
   1e+06       10 1.658758086e-71 3.598869335e-71  4.82214073e-71
   1e+06     15.8 3.962827001e-71 2.120538106e-71 1.103306455e-70
   1e+06     25.1 1.538791731e-71  5.00182152e-71 4.583020469e-71
   1e+06     39.8 3.471277351e-71  1.79068741e-71 1.727521374e-70
   1e+06     63.1 5.654177362e-71 7.956749402e-71 1.079318036e-70
   1e+06      100 9.832585155e-72 4.614862998e-71 1.713932229e-70
   1e+06      158  3.95547533e-71  2.20139587e-70 9.578915352e-71
   1e+06      251 4.828443784e-72 1.014434016e-70 2.374464368e-70
   1e+06      398 6.005415736e-71 2.856789192e-69 3.585428261e-69
   1e+06      631 2.666998612e-68 1.587542569e-63 1.590061927e-63
   1e+06    1e+03 3.551519463e-62 5.495391318e-57 5.505736535e-57
   1e+06 1.58e+03 9.246167349e-57 1.152610535e-50 1.155028319e-50
   1e+06 2.51e+03 1.462276475e-51 6.584484613e-46 6.601610294e-46
   1e+06 3.98e+03 9.136091919e-51 6.869203439e-43 6.896498583e-43
   1e+06 6.31e+03 9.685966322e-48 7.221566955e-42 7.255515091e-42
   1e+06    1e+04 2.140690638e-47 1.198441818e-41 1.205155482e-41
   1e+06 1.58e+04 2.570451836e-47 1.860009254e-41  1.87382983e-41
   1e+06 2.51e+04 2.771642443e-47 3.078358343e-41 3.110207051e-41
   1e+06 3.98e+04 2.900322258e-47 5.144390358e-41 5.218523488e-41
   1e+06 6.31e+04 2.975069945e-47 8.643883127e-41 8.816122859e-41
   1e+06    1e+05 3.001790531e-47 1.460410354e-40 1.500228729e-40
   1e+06 1.58e+05 2.984294461e-47 2.476897757e-40 2.568093609e-40
   1e+06 2.51e+05 2.924937315e-47 4.204661878e-40 4.410466033e-40
   1e+06 3.98e+05 2.826126752e-47 7.117875352e-40 7.572672471e-40
   1e+06 6.31e+05 2.535665541e-45  7.05892742e-39 8.180602482e-39
   1e+06    1e+06 7.699629655e-39 2.620546757e-32 3.172189601e-32
   1e+06 1.58e+06 4.833576365e-34 2.425798431e-27 3.031856711e-27
   1e+06 2.51e+06  1.71959718e-30 1.274927558e-23 1.643957316e-23
   1e+06 3.98e+06 7.240533666e-28  7.98096888e-21 1.058075221e-20
   1e+06 6.31e+06 6.298020002e-26 1.041075844e-18 1.410740882e-18
   1e+06    1e+07 1.710320496e-24 4.280846869e-17 5.884115371e-17
   1e+06 1.58e+07 1.962960274e-23 7.512607399e-16  1.03860895e-15
   1e+06 2.51e+07 1.187493997e-22 7.016149602e-15  9.67503989e-15
   1e+06 3.98e+07 4.447225204e-22 4.094093135e-14 5.589706137e-14
   1e+06 6.31e+07 1.159350003e-21 1.677839712e-13  2.25457337e-13
   1e+06    1e+08    2.292285e-21 5.260383262e-13  6.92675149e-13
   1e+06 1.58e+08 3.661328579e-21 1.343559469e-12 1.728940211e-12
   1e+06 2.51e+08 4.949312359e-21 2.928376299e-12 3.677814417e-12
   1e+06 3.98e+08  5.86083504e-21 5.637102114e-12 6.908609019e-12
   1e+06 6.31e+08  6.23747204e-21 9.831841811e-12 1.176670679e-11
   1e+06    1e+09 6.082447428e-21 1.583853359e-11 1.853540185e-11
   1e+06 1.58e+09 5.517703783e-21  2.39245366e-11 2.742519031e-11
   1e+06 2.51e+09 4.716663899e-21 3.432035089e-11 3.861183586e-11
   1e+06 3.98e+09 3.844700871e-21 4.730664867e-11 5.233929934e-11
   1e+06 6.31e+09 3.022875336e-21 6.336405996e-11 6.907912302e-11
   1e+06    1e+10 2.317438134e-21 8.334962742e-11 8.970636905e-11
   1e+07   0.0001 1.047839348e-70  3.88188766e-71 3.652468774e-70
   1e+07 0.000158 1.605630374e-70 1.455707887e-70 8.256118805e-70
   1e+07 0.000251 4.767455269e-71 3.396651792e-71 3.760076639e-71
   1e+07 0.000398 1.278425824e-70 8.249011705e-71 4.290710415e-70
   1e+07 0.000631 6.168363103e-71  6.30806803e-71 2.030650515e-70
   1e+07    0.001 1.257406825e-70 8.249012568e-71 6.212191722e-70
   1e+07  0.00158 1.360062703e-70 6.793305158e-71 4.863519476e-70
   1e+07  0.00251 8.104667602e-71 3.396653127e-71 2.021041993e-70
   1e+07  0.00398 1.744673074e-70 9.704725697e-72 7.747120888e-70
   1e+07  0.00631 9.869361524e-71   7.7637837e-71 1.770917908e-70
   1e+07     0.01 7.664170051e-71 6.308078303e-71 4.677862584e-72
   1e+07   0.0158 9.671509144e-71 8.734271145e-71 1.853480039e-70
   1e+07   0.0251 8.390648892e-71 4.852380677e-71 1.292531972e-70
   1e+07   0.0398  9.62566284e-71 1.213098267e-70 1.862300358e-70
   1e+07   0.0631 2.064933427e-70  6.30813652e-71 7.674053901e-70
   1e+07      0.1 3.065572312e-71 4.852443834e-71 9.355872596e-71
   1e+07    0.158  1.25723398e-70 4.852493166e-71 3.568038185e-70
   1e+07    0.251 1.098326087e-70 6.308342758e-71 4.039322294e-70
   1e+07    0.398 1.462918929e-70 8.734851485e-71 4.015837061e-70
   1e+07    0.631 9.229649039e-71 9.705783335e-72 3.228588845e-70
   1e+07        1 1.041969303e-70 3.882562354e-71 2.193128184e-70
   1e+07     1.58 8.506298431e-71 7.280544437e-71 1.042868955e-70
   1e+07     2.51 1.316958711e-70 2.912686936e-71 3.443966934e-70
   1e+07     3.98 1.230402913e-71 3.399002309e-71 7.279631284e-72
   1e+07     6.31 1.318700695e-70  8.25805944e-71 2.712402859e-70
   1e+07       10  1.27091526e-70 8.749432659e-71 2.242346696e-70
   1e+07     15.8 1.046515799e-70 1.070461106e-70 2.105468411e-70
   1e+07     25.1 1.084102504e-70 8.285050134e-71 1.901681568e-70
   1e+07     39.8 1.020888299e-70 2.931582386e-71 2.746994859e-70
   1e+07     63.1  9.73813391e-71 6.377358546e-71 2.477108175e-70
   1e+07      100 9.103176284e-71 6.911677537e-71 2.266099272e-70
   1e+07      158  1.22076317e-70 1.495967095e-71 3.209304443e-70
   1e+07      251 9.203661277e-71 2.532757062e-71 2.920787713e-70
   1e+07      398 1.249389411e-70  4.15305036e-71 3.345815362e-70
   1e+07      631 6.558282849e-71 9.705995987e-71 2.604529821e-70
   1e+07    1e+03 5.645685845e-71   1.1427963e-71 3.113845817e-70
   1e+07 1.58e+03 6.255809823e-71 9.968779067e-71 3.201918115e-70
   1e+07 2.51e+03  3.88802304e-71 2.117694451e-71 5.559601488e-70
   1e+07 3.98e+03               0 8.376131423e-72 5.790941782e-70
   1e+07 6.31e+03 5.647351175e-72 1.458945018e-70 1.169056732e-69
   1e+07    1e+04               0 2.491936466e-70 2.246971408e-69
   1e+07 1.58e+04 2.657428155e-70 8.997023818e-67 9.016673729e-67
   1e+07 2.51e+04 1.486489936e-64 1.721974661e-60 1.739825801e-60
   1e+07 3.98e+04 3.001639515e-58 2.542612015e-54 2.569817385e-54
   1e+07 6.31e+04 7.928015933e-53 5.566117516e-49 5.782409871e-49
   1e+07    1e+05 3.936628113e-49  6.22803378e-45 6.499403609e-45
   1e+07 1.58e+05   1.5333461e-47 2.452659728e-42 2.547933213e-42
   1e+07 2.51e+05 1.272136841e-46 8.589359789e-42 8.966615781e-42
   1e+07 3.98e+05 1.939646968e-46  1.23328387e-41 1.295515063e-41
   1e+07 6.31e+05  2.09170964e-46 1.858492289e-41 1.976389781e-41
   1e+07    1e+06 2.087908574e-46 2.882475092e-41 3.115231387e-41
   1e+07 1.58e+06  2.00833135e-46 4.440689579e-41 4.887183631e-41
   1e+07 2.51e+06 1.873485712e-46 6.777687662e-41 7.601566671e-41
   1e+07 3.98e+06 1.700330995e-46  1.02482329e-40 1.170492786e-40
   1e+07 6.31e+06 1.505270637e-46 1.534665781e-40 1.780867304e-40
   1e+07    1e+07 1.302962296e-46 2.275456839e-40  2.67299475e-40
   1e+07 1.58e+07 1.105296939e-46 3.340694316e-40 3.954741013e-40
   1e+07 2.51e+07 9.209458422e-47 4.858312919e-40 5.768259777e-40
   1e+07 3.98e+07 8.178984828e-47 6.951429515e-40 8.230394631e-40
   1e+07 6.31e+07 1.530531422e-42 1.725461516e-36 2.392612937e-36
   1e+07    1e+08 2.807110448e-38 4.955559157e-32  6.72842625e-32
   1e+07 1.58e+08 7.049211175e-35 1.945702528e-28 2.581321327e-28
   1e+07 2.51e+08 3.703800278e-32 1.598299934e-25  2.06970501e-25
   1e+07 3.98e+08 5.653820467e-30 3.819147866e-23  4.82629123e-23
   1e+07 6.31e+08 3.234452421e-28 3.427222314e-21 4.228650175e-21
   1e+07    1e+09 8.448329702e-27  1.40787159e-19 1.697767758e-19
   1e+07 1.58e+09 1.174789189e-25 3.088043172e-18 3.644640868e-18
   1e+07 2.51e+09 9.807127537e-25 4.079206771e-17 4.719545268e-17
   1e+07 3.98e+09 5.402427584e-24  3.56768563e-16 4.053302247e-16
   1e+07 6.31e+09 2.116711627e-23 2.227106337e-15 2.488956932e-15
   1e+07    1e+10 6.262608172e-23 1.053656368e-14 1.160299244e-14
   1e+08   0.0001 2.993826809e-71 1.076485258e-70 7.724073179e-70
   1e+08 0.000158 1.133386207e-70               0 5.314283226e-70
   1e+08 0.000251 5.720946806e-71 2.808222413e-71 1.955239769e-70
   1e+08 0.000398 6.016122332e-72 1.404111208e-71 1.263375759e-69
   1e+08 0.000631 3.795916561e-71 3.276259489e-71 7.130888257e-70
   1e+08    0.001 1.389135626e-70 1.638129748e-70 7.484567072e-70
   1e+08  0.00158 9.067089521e-71 3.744296578e-71 5.871808523e-70
   1e+08  0.00251 1.144189334e-70 1.450914931e-70 5.546112878e-70
   1e+08  0.00398 1.106966467e-70 4.680370783e-71 3.650083342e-70
   1e+08  0.00631 1.518366534e-70  7.95663043e-71 8.323305274e-70
   1e+08     0.01 6.131356666e-71 6.552519308e-71 1.777584772e-70
   1e+08   0.0158 1.015513874e-70 4.212333974e-71 7.413900259e-71
   1e+08   0.0251  1.28149175e-70 5.148408447e-71 6.051373948e-70
   1e+08   0.0398 1.001082341e-70 1.918952391e-70 1.257044267e-70
   1e+08   0.0631 1.409043302e-70 1.684934018e-70 7.157454566e-70
   1e+08      0.1 5.518215776e-71 1.450915693e-70 5.262589217e-71
   1e+08    0.158 7.737236958e-72 5.148412144e-71 5.375082094e-70
   1e+08    0.251 4.881861725e-71 1.123290483e-70 1.175025594e-70
   1e+08    0.398 3.696290102e-71 4.680380715e-72 8.147525915e-71
   1e+08    0.631               0 6.552541216e-71 4.288952623e-70
   1e+08        1 1.128157881e-70 1.638138559e-70 1.315654109e-70
   1e+08     1.58 1.114145409e-70 3.276287436e-71 3.706983557e-70
   1e+08     2.51 1.562158614e-71 7.020650976e-71 4.957203632e-70
   1e+08     3.98 5.421021225e-71 2.808282605e-71 7.274726507e-72
   1e+08     6.31 1.305951592e-70 3.276370783e-71 2.305963762e-70
   1e+08       10 7.062580918e-71 3.276435884e-71 8.680111478e-71
   1e+08     15.8 5.446116212e-71 6.553078128e-71 3.620397898e-71
   1e+08     25.1 9.370724046e-71 4.681003705e-72 2.869124828e-70
   1e+08     39.8 7.093936962e-71 7.958335732e-71 7.276224514e-71
   1e+08     63.1 7.955335999e-71 5.618352939e-71 7.929337411e-71
   1e+08      100 1.128944744e-70 3.278023597e-71 1.942608174e-70
   1e+08      158 7.118787479e-71 4.684364959e-72 2.491064022e-70
   1e+08      251 6.980224072e-71 5.624041649e-71  1.00549842e-70
   1e+08      398  6.28207746e-71 2.814242779e-71 1.708876881e-70
   1e+08      631 7.117373377e-71 3.757019694e-71 1.627203399e-70
   1e+08    1e+03 7.952987671e-71 7.999485501e-71 1.292199392e-70
   1e+08 1.58e+03 1.122245478e-70 3.776265369e-71 2.397328703e-70
   1e+08 2.51e+03 5.455379252e-71               0 1.500563581e-70
   1e+08 3.98e+03  7.75214986e-71 2.390410983e-71 1.889412641e-70
   1e+08 6.31e+03 8.366151786e-71 5.807618944e-71 1.691992046e-70
   1e+08    1e+04 1.019525758e-70 4.933112262e-71 2.359473625e-70
   1e+08 1.58e+04 6.977766516e-71 7.622232729e-71 2.084363942e-70
   1e+08 2.51e+04 3.570694778e-71 4.785466322e-71 2.055013889e-70
   1e+08 3.98e+04 2.894124684e-71 3.983898883e-71 2.682324212e-70
   1e+08 6.31e+04 4.438196762e-71 6.282785824e-72 3.474024708e-70
   1e+08    1e+05 3.348122392e-71 1.153290174e-70 3.992538841e-70
   1e+08 1.58e+05 6.161161392e-71 2.500376467e-70  6.32470264e-70
   1e+08 2.51e+05 4.780989851e-71 1.925362098e-70 1.116889598e-69
   1e+08 3.98e+05 2.686150425e-71 5.567615897e-70  2.70489555e-69
   1e+08 6.31e+05 3.203270188e-68  3.02303556e-66 2.606856031e-66
   1e+08    1e+06  7.76948324e-63 5.451496129e-60 5.746612329e-60
   1e+08 1.58e+06 2.282765827e-57 2.210748758e-54 2.351696539e-54
   1e+08 2.51e+06 1.315215826e-52 9.100413295e-50 9.093058493e-50
   1e+08 3.98e+06  3.15534376e-49 9.322198178e-46 1.036667157e-45
   1e+08 6.31e+06 3.223500431e-48 3.894404637e-43  4.63307343e-43
   1e+08    1e+07 2.101153699e-46 3.686881244e-42 4.330707525e-42
   1e+08 1.58e+07 5.305582789e-46 6.527745403e-42 7.514132755e-42
   1e+08 2.51e+07 6.156755036e-46 8.030475516e-42 9.061469564e-42
   1e+08 3.98e+07 5.677174787e-46 1.034702363e-41 1.157804468e-41
   1e+08 6.31e+07 4.876122876e-46 1.389737624e-41 1.550414367e-41
   1e+08    1e+08 4.062335981e-46 1.880533544e-41 2.091877017e-41
   1e+08 1.58e+08  3.31641175e-46  2.54409085e-41 2.818956686e-41
   1e+08 2.51e+08 2.664088653e-46  3.44109608e-41 3.794166195e-41
   1e+08 3.98e+08 2.111699754e-46 4.656390744e-41 5.104777165e-41
   1e+08 6.31e+08 1.655286854e-46 6.305646818e-41  6.86921739e-41
   1e+08    1e+09  1.28541434e-46  8.54617155e-41 9.247911732e-41
   1e+08 1.58e+09  9.90315232e-47 1.159184601e-40 1.245830811e-40
   1e+08 2.51e+09 7.578566582e-47 1.573346191e-40 1.679531635e-40
   1e+08 3.98e+09  5.76660757e-47 2.136637698e-40  2.26590774e-40
   1e+08 6.31e+09 4.366568625e-47 2.902811436e-40 3.059268964e-40
   1e+08    1e+10 3.294255801e-47 3.944721167e-40  4.13309576e-40
   1e+09   0.0001 8.910215618e-72 7.107989833e-72 5.123205032e-72
   1e+09 0.000158 2.138451748e-70 5.632702349e-72 1.286890921e-71
   1e+09 0.000251               0               0 8.081309605e-72
   1e+09 0.000398 7.128172494e-71               0 5.074832987e-72
   1e+09 0.000631 2.316656061e-70 1.681814396e-71 1.912110618e-71
   1e+09    0.001 1.247430187e-70               0 2.401502359e-71
   1e+09  0.00158 5.346129371e-71 7.040877936e-72 1.005383532e-71
   1e+09  0.00251 1.069225874e-70 1.115903951e-71 1.262704626e-71
   1e+09  0.00398 2.405758217e-70 8.842942877e-72 1.585885308e-71
   1e+09  0.00631 1.069225874e-70               0 4.979454735e-72
   1e+09     0.01  1.15832803e-70               0 6.253912392e-72
   1e+09   0.0158 6.237150933e-71 8.801097421e-72 7.854558841e-72
   1e+09   0.0251 1.425634499e-70 6.974399694e-72 4.932439945e-72
   1e+09   0.0398 3.564086247e-71               0               0
   1e+09   0.0631 8.910215617e-71 8.759449981e-72 1.556079605e-71
   1e+09      0.1 1.069225874e-70               0               0
   1e+09    0.158 5.346129366e-71 1.100137179e-71               0
   1e+09    0.251 2.138451743e-70 8.717999637e-72 7.706937428e-72
   1e+09    0.398 3.118575447e-70               0 9.679475804e-72
   1e+09    0.631               0 5.474656316e-72 6.078436027e-72
   1e+09        1 2.673064583e-71               0               0
   1e+09     1.58 3.564085903e-71               0 4.794042618e-72
   1e+09     2.51  8.01919211e-71 1.089750199e-71               0
   1e+09     3.98 1.603837834e-70 8.635691321e-72 7.562093982e-72
   1e+09     6.31 1.514734336e-70 6.843330085e-72 4.748783683e-72
   1e+09       10 1.960239897e-70  5.42298536e-72 2.385685308e-71
   1e+09     15.8 9.801142491e-71 8.594899267e-72  1.49814934e-71
   1e+09     25.1 1.692899885e-70               0 1.881611638e-71
   1e+09     39.8 5.345803515e-71 5.397611332e-72 5.908160146e-72
   1e+09     63.1 3.563540648e-71 8.555373805e-72  1.48416791e-71
   1e+09      100 1.692290214e-70 6.781142298e-72 4.660905851e-72
   1e+09      158 7.121295871e-71 5.376608741e-72 1.171289502e-71
   1e+09      251 2.044394341e-70 8.532943714e-72 2.209079626e-71
   1e+09      398 2.302662041e-70               0 1.391117993e-71
   1e+09      631 4.388418264e-71  5.42212603e-72 1.172843756e-71
   1e+09    1e+03 6.010254967e-71 8.771072387e-72 7.488898249e-72
   1e+09 1.58e+03 1.386662286e-70 7.288608239e-72 9.770708794e-72
   1e+09 2.51e+03               0               0 6.627862361e-72
   1e+09 3.98e+03 1.793956608e-71 6.042097372e-72 9.422873827e-72
   1e+09 6.31e+03   1.7671203e-71 6.127457229e-72 5.403452999e-71
   1e+09    1e+04 1.810607755e-71 6.252483689e-72  5.34734149e-71
   1e+09 1.58e+04               0               0 3.007989197e-71
   1e+09 2.51e+04 2.015589809e-71 9.114340313e-72 4.823051574e-71
   1e+09 3.98e+04 1.275321199e-71               0 4.194155776e-71
   1e+09 6.31e+04 8.024861616e-72               0 6.940424708e-72
   1e+09    1e+05 5.027542596e-72               0 4.502642786e-71
   1e+09 1.58e+05  6.26780911e-72               0 4.539828736e-72
   1e+09 2.51e+05 2.328029202e-71 4.538272221e-71 7.341269847e-72
   1e+09 3.98e+05  2.37832099e-71 3.099828462e-71 5.383734302e-71
   1e+09 6.31e+05 5.751730122e-71 3.201897261e-71 7.899558549e-71
   1e+09    1e+06               0   3.3519994e-71 4.980380263e-71
   1e+09 1.58e+06 3.967788203e-71 1.786731155e-71 1.286351825e-70
   1e+09 2.51e+06 9.001986525e-72 2.433482161e-71  9.49354657e-71
   1e+09 3.98e+06 9.981289808e-72 8.140855838e-71 3.463950161e-71
   1e+09 6.31e+06 3.801607462e-71 6.800428301e-71 3.622556679e-70
   1e+09    1e+07 1.166812642e-71 1.216982034e-70 1.857672901e-70
   1e+09 1.58e+07 6.222480366e-71 3.349647508e-71 3.082686087e-70
   1e+09 2.51e+07 7.942791586e-71 7.380760249e-71 6.907926328e-70
   1e+09 3.98e+07 3.732309525e-70  6.38122989e-68 7.139855719e-68
   1e+09 6.31e+07  2.55328743e-66 5.617757409e-64 7.265149729e-64
   1e+09    1e+08  2.48901584e-62 3.884687676e-60 3.773738947e-60
   1e+09 1.58e+08 5.470768554e-59 1.239140256e-55 1.418423154e-55
   1e+09 2.51e+08  2.49638959e-55 7.353587978e-52 8.614260298e-52
   1e+09 3.98e+08 5.742479797e-52 5.243186521e-49 6.453840181e-49
   1e+09 6.31e+08 9.228413502e-50 3.744102346e-46 4.083911205e-46
   1e+09    1e+09 3.683990196e-48 3.020563165e-44 3.404064668e-44
   1e+09 1.58e+09 1.325339021e-47 6.812154398e-43 7.422175041e-43
   1e+09 2.51e+09 1.226791496e-46 2.542051154e-42 2.713234361e-42
   1e+09 3.98e+09 2.322997998e-46 4.082637525e-42 4.277478408e-42
   1e+09 6.31e+09 2.575390311e-46  4.84569773e-42 4.999682815e-42
   1e+09    1e+10 2.288536647e-46 5.711483928e-42 5.841041708e-42
   1e+10   0.0001 1.704842729e-71               0               0
   1e+10 0.000158 8.524213644e-72               0               0
   1e+10 0.000251 8.524213644e-72               0 5.079919713e-72
   1e+10 0.000398 5.114528186e-71 5.089230218e-72  1.27601814e-71
   1e+10 0.000631 6.819370915e-71               0 8.013031631e-72
   1e+10    0.001 1.704842729e-71               0 1.006391272e-71
   1e+10  0.00158 1.704842729e-71 5.065147606e-72               0
   1e+10  0.00251 3.409685458e-71  8.02771796e-72               0
   1e+10  0.00398 1.704842729e-71 6.361537773e-72  9.96889172e-72
   1e+10  0.00631               0               0               0
   1e+10     0.01 3.409685458e-71 7.989730207e-72 1.572486362e-71
   1e+10   0.0158 3.409685458e-71 6.331434508e-72 9.874767889e-72
   1e+10   0.0251 1.704842729e-71 5.017323725e-72               0
   1e+10   0.0398 3.409685458e-71               0 7.788196656e-72
   1e+10   0.0631               0 6.301473693e-72               0
   1e+10      0.1 1.704842729e-71 9.987162759e-72  1.22850497e-71
   1e+10    0.158 8.524213644e-72 7.914293134e-72               0
   1e+10    0.251 3.409685458e-71               0               0
   1e+10    0.398 1.704842729e-71               0               0
   1e+10    0.631               0               0 7.641822463e-72
   1e+10        1 3.409685458e-71               0               0
   1e+10     1.58 8.524213644e-72               0 6.027080011e-72
   1e+10     2.51 4.262106822e-71               0  7.56967025e-72
   1e+10     3.98 1.704842729e-71 6.212439231e-72 9.507075996e-72
   1e+10     6.31               0               0               0
   1e+10       10 2.557264093e-71               0  7.49819928e-72
   1e+10     15.8               0 6.183041511e-72 4.708656258e-72
   1e+10     25.1 5.114528186e-71               0 1.182760977e-71
   1e+10     39.8 5.114528186e-71               0 1.485480624e-71
   1e+10     63.1 3.409685458e-71 6.153782904e-72               0
   1e+10      100 3.409685458e-71 9.753088632e-72 1.171593638e-71
   1e+10      158 3.409685458e-71 7.728801889e-72 7.357275404e-72
   1e+10      251 8.524213644e-72  6.12466275e-72 4.620160065e-72
   1e+10      398 1.704842729e-71 1.456040445e-71 1.160531738e-71
   1e+10      631 5.114528186e-71               0 1.457561963e-71
   1e+10    1e+03 5.966949551e-71 1.219136079e-71 9.153075294e-72
   1e+10 1.58e+03 5.114528186e-71 4.830501181e-72 1.149574282e-71
   1e+10 2.51e+03 5.114528185e-71 7.655828439e-72 7.219000103e-72
   1e+10 3.98e+03               0  6.06683519e-72 4.533327103e-72
   1e+10 6.31e+03 4.262106812e-71 9.615285799e-72 5.693601424e-72
   1e+10    1e+04 8.524213595e-72               0 7.150840094e-72
   1e+10 1.58e+04 5.114528112e-71 6.038126522e-72 8.981049143e-72
   1e+10 2.51e+04    5.114528e-71               0 1.127968787e-71
   1e+10 3.98e+04 1.704842573e-71 7.583544352e-72 7.083323926e-72
   1e+10 6.31e+04 3.409684673e-71  6.00955435e-72               0
   1e+10    1e+05 1.704841743e-71 4.762251768e-72               0
   1e+10 1.58e+05               0 7.547663905e-72               0
   1e+10 2.51e+05 2.557254761e-71               0 8.812272348e-72
   1e+10 3.98e+05               0 9.479476022e-72 5.533872373e-72
   1e+10 6.31e+05 1.704803475e-71  7.51203367e-72               0
   1e+10    1e+06 1.704744134e-71               0 8.729309729e-72
   1e+10 1.58e+06 6.818380393e-71               0 1.096400509e-71
   1e+10 2.51e+06 5.112662683e-71 7.477840178e-72 6.885853069e-72
   1e+10 3.98e+06               0 1.185503815e-71 8.650665252e-72
   1e+10 6.31e+06 4.252323826e-71 4.700680143e-72 1.087238028e-71
   1e+10    1e+07 1.695059384e-71 7.463702826e-72 6.839536586e-72
   1e+10 1.58e+07  3.36110842e-71 1.188283449e-71 8.627470671e-72
   1e+10 2.51e+07 1.645560599e-71 4.760238674e-72               0
   1e+10 3.98e+07 2.348621591e-71               0 1.409065319e-71
   1e+10 6.31e+07 4.212986043e-71 6.460895586e-72  1.85996466e-71
   1e+10    1e+08  5.13650708e-71 5.575246003e-72 1.898068995e-71
   1e+10 1.58e+08               0 4.822504456e-72 2.580087797e-71
   1e+10 2.51e+08 4.305119232e-71 2.329169236e-71 5.431959097e-72
   1e+10 3.98e+08  9.24184794e-71 8.252579527e-71 3.028741276e-71
   1e+10 6.31e+08 3.906738243e-71 4.169866397e-71 1.270290281e-70
   1e+10    1e+09 2.715185747e-71 8.204426028e-72 1.132644102e-71
   1e+10 1.58e+09 4.131250745e-71               0 3.094273122e-71
   1e+10 2.51e+09 1.747749444e-71 1.765908703e-70 6.987397748e-71
   1e+10 3.98e+09 9.768583308e-71  4.87197987e-71  4.04041483e-70
   1e+10 6.31e+09 2.890526604e-71 4.660005627e-70 8.392335487e-71
   1e+10    1e+10  1.59430338e-71 1.914202808e-70 5.552736609e-70
   1e+11   0.0001 5.856878953e-71 1.033705662e-71 6.352703615e-72
   1e+11 0.000158 6.507643281e-71 8.191565337e-72 1.595727001e-71
   1e+11 0.000251 9.110700593e-71 1.298275614e-71 2.505178127e-71
   1e+11 0.000398 2.603057312e-71               0 6.292722946e-72
   1e+11 0.000631 2.603057312e-71 8.152802246e-72 7.903302693e-72
   1e+11    0.001 8.459936265e-71  6.46066039e-72  1.48891491e-71
   1e+11  0.00158 2.603057312e-71 5.119728335e-72               0
   1e+11  0.00251 3.904585969e-71 8.114222586e-72               0
   1e+11  0.00398 5.206114625e-71 1.286017614e-71 4.916189802e-72
   1e+11  0.00631 7.809171937e-71 5.095501404e-72 1.852336569e-71
   1e+11     0.01 3.253821641e-71               0               0
   1e+11   0.0158 5.206114625e-71 6.399660419e-72 4.869772343e-72
   1e+11   0.0251 2.603057312e-71 5.071389116e-72 6.116157537e-72
   1e+11   0.0398 7.158407609e-71 8.037610087e-72 2.304463969e-71
   1e+11   0.0631 6.507643281e-71 6.369376755e-72 1.447137944e-71
   1e+11      0.1 6.507643281e-71  5.04739093e-72 6.058410278e-72
   1e+11    0.158 6.507643281e-71               0 2.282705786e-71
   1e+11    0.251 1.301528656e-71 6.339236395e-72               0
   1e+11    0.398 2.603057312e-71               0               0
   1e+11    0.631 6.507643281e-71 7.961720944e-72 1.507435359e-71
   1e+11        1 1.301528656e-71               0 4.733133029e-72
   1e+11     1.58 5.206114625e-71 4.999734702e-72 1.188909264e-71
   1e+11     2.51 5.206114625e-71 7.924045494e-72 1.493202524e-71
   1e+11     3.98 2.603057312e-71               0               0
   1e+11     6.31 2.603057312e-71  9.95215118e-72 5.888419369e-72
   1e+11       10 2.603057312e-71               0 7.395520358e-72
   1e+11     15.8 3.253821641e-71               0 1.393253043e-71
   1e+11     25.1 7.809171937e-71 9.905056868e-72 1.166564472e-71
   1e+11     39.8 6.507643281e-72   7.8492286e-72               0
   1e+11     63.1 2.603057312e-71 6.220094487e-72 9.200655265e-72
   1e+11      100 3.904585969e-71 4.929092705e-72 1.155550056e-71
   1e+11      158 3.904585969e-71 7.812085473e-72 7.256526267e-72
   1e+11      251 7.158407609e-71               0 9.113784934e-72
   1e+11      398 7.809171937e-71 4.905767875e-72 5.723198179e-72
   1e+11      631 3.253821641e-71 7.775118109e-72 2.156403578e-71
   1e+11    1e+03 3.253821641e-71 6.161365881e-72               0
   1e+11 1.58e+03 3.904585969e-71 9.765106841e-72 5.669161146e-72
   1e+11 2.51e+03 5.206114625e-71 1.547665136e-71 2.136043344e-71
   1e+11 3.98e+03 5.206114625e-71 6.132209844e-72 1.788499431e-71
   1e+11 6.31e+03 6.507643281e-71 9.718897636e-72 1.684690295e-71
   1e+11    1e+04 1.301528656e-71               0 7.052917822e-72
   1e+11 1.58e+04 6.507643281e-71 6.103191775e-72  8.85806429e-72
   1e+11 2.51e+04 1.301528656e-71 9.672907097e-72 5.562612875e-72
   1e+11 3.98e+04 3.253821641e-71 7.665262305e-72               0
   1e+11 6.31e+04 6.507643281e-72 6.074311023e-72  8.77442862e-72
   1e+11    1e+05 1.301528656e-71 4.813567094e-72               0
   1e+11 1.58e+05 7.809171937e-71               0 2.076108818e-71
   1e+11 2.51e+05               0               0               0
   1e+11 3.98e+05 5.206114625e-71 4.790788941e-72 1.091613422e-71
   1e+11 6.31e+05 3.904585969e-71               0 6.855022359e-72
   1e+11    1e+06 1.301528656e-71 6.016958868e-72               0
   1e+11 1.58e+06 2.603057312e-71 4.768118575e-72 1.081306676e-71
   1e+11 2.51e+06 2.603057312e-71               0               0
   1e+11 3.98e+06 9.110700586e-71               0 2.558468959e-71
   1e+11 6.31e+06 1.041222923e-70 1.898222197e-71 1.606645867e-71
   1e+11    1e+07 4.555350273e-71 1.504239721e-71   6.7261866e-72
   1e+11 1.58e+07 3.253821599e-71 5.960148257e-72               0
   1e+11 2.51e+07 6.507643071e-71 4.723099245e-72 1.060984223e-71
   1e+11 3.98e+07 1.301528551e-71 7.485608023e-72               0
   1e+11 6.31e+07 1.301528391e-71 1.186388992e-71               0
   1e+11    1e+08 2.603055981e-71 4.700750319e-72 1.050966922e-71
   1e+11 1.58e+08 2.603053968e-71 7.450190062e-72 6.599776433e-72
   1e+11 2.51e+08 2.603048911e-71 5.903883494e-72 8.288952489e-72
   1e+11 3.98e+08 5.856831473e-71   4.6785238e-72 1.561571857e-71
   1e+11 6.31e+08 5.206008613e-71               0 6.537525334e-72
   1e+11    1e+09 5.205848346e-71 5.876086759e-72 1.642177399e-71
   1e+11 1.58e+09 6.506807292e-71  4.65666508e-72 1.546920983e-71
   1e+11 2.51e+09 3.252771961e-71               0               0
   1e+11 3.98e+09 8.453085417e-71 5.850501248e-72  2.44093458e-71
   1e+11 6.31e+09 2.597771108e-71 1.391713301e-71               0
   1e+11    1e+10 4.532209043e-71 7.363630746e-72 6.430924242e-72
